,Actual Logprob,Predicted Logprob
0,-0.9701527957768404,-0.9593516301663775
1,-1.1538276826513223,-1.1405655214897046
2,-1.251844085464182,-1.2696988869131764
3,-1.2634360836457836,-1.2068155962521898
4,-1.101772008016128,-1.1101090924121246
5,-1.0507610370946483,-1.0583644077229069
6,-0.8228314006051352,-0.8321117701140613
7,-1.2686576205630635,-1.2547920614639843
8,-1.5593801099200582,-1.546988577046369
9,-1.2562225271565046,-1.246973100279684
10,-1.3588375435319058,-1.3453993598611624
11,-1.7129060671879694,-1.6820121691942724
12,-2.4274021897997176,-2.5613323285980227
13,-1.5150832846516469,-1.5103132509770105
14,-0.8816079973250397,-0.8929168382736572
15,-1.1659728046506643,-1.1302052087190597
16,-1.0703885684641756,-1.0721845438758741
17,-1.1821980541066606,-1.1517473327128218
18,-1.1427880488624869,-1.1329444490748635
19,-1.2140887679979784,-1.1797653222612134
20,-1.1643205520718596,-1.1760572520450112
21,-1.1880653819372489,-1.1734682791858766
22,-1.1030461612597915,-1.0867205722749878
23,-1.2853905350662942,-1.260777299380367
24,-1.2468478827513465,-1.2350511232040335
25,-0.3723419171113234,-0.37548062562307105
26,-1.025510249211807,-1.0168483639263568
27,-1.2375824479169624,-1.2317763488119033
28,-1.0170087777366934,-1.0235331344791159
29,-1.3419603950293488,-1.254111183251448
30,-1.403020278427952,-1.4844773342285316
31,-1.3242094359656638,-1.3049114019164885
32,-1.5155874795691913,-1.5327732347556802
33,-1.0035446826801744,-1.00623554413727
34,-1.1652119982150173,-1.1606774480294317
35,-1.1246126474336136,-1.1047639242604947
36,-1.1041082918643952,-1.1354190795293322
37,-1.1458936181179311,-1.1424657807556051
38,-0.9439013891441878,-0.9156565611471423
39,-1.112611785415531,-1.109678899450526
40,-0.693135678768158,-0.6948674244207391
41,-1.283375062683756,-1.2750710484745766
42,-1.271492558856343,-1.2558617145242448
43,-1.5186315932015115,-1.521539476127927
44,-1.268158420111782,-1.2786532888165194
45,-1.1337276845015296,-1.160664280645418
46,-1.1196875478339008,-1.1183193459817096
47,-1.3838354515474895,-1.3742918013211487
48,-1.1228278690530349,-1.1279011049930134
49,-1.0601244610409404,-1.086409066207656
50,-1.151965708695641,-1.1401863772880525
51,-1.4292589231979016,-1.4278292790825529
52,-1.2300856483075049,-1.2775575973330253
53,-1.384310431258623,-1.3274041804320527
54,-1.2672926973002825,-1.2780533208044464
55,-0.8982952204785606,-0.888621374437023
56,-1.2011323557343594,-1.2051014997330196
57,-1.0926507212394891,-1.051319182313901
58,-1.4538047332172246,-1.4357644481048117
59,-1.1730540611947229,-1.1808977836918655
60,-1.4821128420127454,-1.538320735677695
61,-1.239971210790235,-1.2451429965568706
62,-1.0004993732585463,-1.0095083591109089
63,-1.6949140101440192,-1.6733567079790936
64,-1.2159756669631372,-1.2291860450457186
65,-0.6828561864157979,-0.6513211941594111
66,-1.331363177114679,-1.3229735347536575
67,-1.098318562951199,-1.080781960449493
68,-1.0740892425063968,-1.099798599595404
69,-1.0578564922938976,-1.0352934243389944
70,-1.1570606832356416,-1.1504304075640412
71,-1.3347946202108103,-1.3073213708579043
72,-1.2102741871693337,-1.191907048152929
73,-1.1197239493214808,-1.1237510863685474
74,-1.2283109315606051,-1.2397610326611892
75,-1.0215724907090178,-1.0399492275960207
76,-1.5533512331718622,-1.552963990155199
77,-1.1641129107438315,-1.1561647731094535
78,-1.2335971824882566,-1.201357492955324
79,-1.1803005650892096,-1.1910523573540996
80,-1.0861371210379194,-1.0533683535276146
81,-0.9567230995311292,-0.9837208044829334
82,-1.3402457985767098,-1.2945038987239428
83,-1.413071220235307,-1.4176514156497657
84,-0.7560260903160527,-0.7460733404194249
85,-1.1734899873881377,-1.180483661094696
86,-0.9468933768974718,-0.9380413173918396
87,-0.9010576989299568,-0.93691223416864
88,-1.0919904154400493,-1.085905180895648
89,-0.9078934571539709,-0.8985882528071278
90,-1.112266133922015,-1.096712963095495
91,-1.2132474313410675,-1.235112048518779
92,-0.905099357745444,-0.9449728039403483
93,-0.8979132110758345,-0.9035105810379238
94,-0.6399687302263477,-0.6552947663169593
95,-0.9872392499169638,-0.9513276503625454
96,-0.8445417917976084,-0.832474117445791
97,-0.9138538597166076,-0.9307905045651639
98,-1.2785472139831662,-1.2628616775642127
99,-1.1777575367180877,-1.1911610968246211
100,-1.9704234389697803,-1.8689209432502372
101,-0.903709192608678,-0.8883494505977715
102,-0.7925519056098406,-0.7991777382029382
103,-0.7900070163938734,-0.7942699413851299
104,-1.166489268171376,-1.1852220197634704
105,-0.6834854100101678,-0.6895594817842546
106,-1.021823627608163,-0.9751730739566675
107,-0.8710177184999451,-0.8514262242319501
108,-0.4640872875849406,-0.4561843047761661
109,-0.2987152249724776,-0.3161477653563962
110,-0.6013713859376453,-0.5905137655550491
111,-0.9345622579256694,-0.8501104584543079
112,-2.4274021897997176,-2.5612926922119033
113,-0.5428011056988739,-0.5255567926119444
114,-0.3740419736132025,-0.3576394411389707
115,-1.2621569368574357,-1.1330058038349318
116,-0.7296624382336935,-0.7322007278297865
117,-0.9919593731562296,-1.00274721053286
118,-0.8727088741872503,-0.875155326874531
119,-1.5808134349909695,-1.5892852981097534
120,-0.921557605266571,-0.9294526260805783
121,-0.3498614518217338,-0.33285095415112775
122,-0.4989366415070324,-0.4732896456667606
123,-0.6776922950448916,-0.676342975312191
124,-0.561114701189736,-0.5950703611905214
125,-0.4423184875369996,-0.44283591007626727
126,-0.4923519293467204,-0.49524353644726493
127,-1.483738142511119,-1.4705327265901242
128,-1.35030354204632,-1.4373772872359365
129,-1.0345836370079606,-0.937317530904343
130,-0.411954341456294,-0.4410469620783971
131,-1.2681537513379697,-1.118132294693385
132,-0.8941739685833454,-0.9436729007244071
133,-0.4655678113922477,-0.47323491094479436
134,-0.7018806148869122,-0.7104508351461738
135,-0.6629391622173694,-0.6488594745392519
136,-0.7498544752597809,-0.7855085773251098
137,-0.8023254400075868,-0.7907298915786641
138,-0.5238878248244758,-0.522827806741081
139,-1.1723007730735364,-1.202892319717509
140,-0.692152582682096,-0.6923839786914445
141,-0.2837975145310394,-0.2628583062605843
142,-0.8760326971379362,-0.8816307414465306
143,-1.212132410485615,-1.1960942512408617
144,-0.7481554830446839,-0.7609669484393098
145,-0.6807934558019042,-0.6487564829326732
146,-0.602274485256361,-0.5669671315635922
147,-0.3559166424034178,-0.36990693421391324
148,-1.228510511772973,-1.1732118704584285
149,-0.4028354278251306,-0.3964203927925951
150,-0.5030953930690885,-0.5081153130761592
151,-1.2828171290168466,-1.274188587249169
152,-0.695213376089584,-0.7059485673309449
153,-0.486209794532421,-0.465441950150198
154,-0.9270901316776872,-0.9442666974836755
155,-0.7392953747794742,-0.7317473583703996
156,-0.7017001357189444,-0.7111668808119371
157,-0.771530032157898,-0.7460898116334904
158,-0.7441382436081767,-0.7388620355835046
159,-0.8271213034788768,-0.8323005107219795
160,-1.0316408946532611,-1.0236169688900267
161,-0.6223320346325636,-0.6180623364217268
162,-0.9422351509332656,-0.9302378394588767
163,-0.7335388101637363,-0.7191835921068541
164,-0.5623815866617056,-0.5401757710427564
165,-0.3161972832475972,-0.30306781078308426
166,-0.6309777350388757,-0.6201518415778159
167,-0.4746610563854838,-0.4739017421773697
168,-0.6821637181348579,-0.7009091250611271
169,-0.4595598379770915,-0.4443650970644706
170,-0.3219826902662004,-0.3430571841360791
171,-0.3517984382865965,-0.3242314997320051
172,-0.4547472511019025,-0.45855356169855144
173,-0.6471859700977802,-0.6515226962987173
174,-0.9170100541241402,-0.8895386952079062
175,-1.6015945923955817,-1.597305773269208
176,-1.1634082480480796,-1.159381580656828
177,-0.5320039495589242,-0.5634989362590583
178,-1.3424546574101304,-1.2316137568156993
179,-0.4423747821287675,-0.4868285124871176
180,-0.4010980156965034,-0.4041310408885902
181,-0.6262896171835965,-0.6575535879465979
182,-1.1683603506679685,-1.1707377650487112
183,-0.3932843360033902,-0.4044460928848851
184,-0.5538564030329386,-0.5484414469172129
185,-0.6313657649727755,-0.6401080289040982
186,-2.446505591982887,-2.4608245306016694
187,-0.4993066573515534,-0.5197178279240685
188,-0.7372599285702373,-0.7172298255916071
189,-0.7330248301182318,-0.7478973231345655
190,-1.5750486228777014,-1.511249679792404
191,-1.0393169291557804,-1.0522809471004528
192,-0.6994474261999131,-0.6888071323435939
193,-0.2780502114708968,-0.27384607764817986
194,-0.8359558083290277,-0.9093058736467485
195,-0.4602835215628147,-0.45185732999315587
196,-0.9120698012122812,-0.9295949823719047
197,-0.3812802586444588,-0.3865719737535691
198,-0.5979390116408467,-0.5851891719628419
199,-0.6408545961675718,-0.6486349515636228
200,-0.7971722238747648,-0.8002093487937514
201,-0.9681577569451826,-0.9297274090510546
202,-1.0457160583762235,-1.04658611324945
203,-1.1258005929547688,-1.0785193077505115
204,-1.0210349578265996,-0.9953439100497417
205,-0.8664261111917422,-0.858987371248619
206,-0.6444403117941332,-0.6212240429432319
207,-0.9909583903098292,-0.9761484816928777
208,-1.2451421974241272,-1.2003693243349118
209,-1.1300598188888196,-1.1089229857679173
210,-1.2281652374785077,-1.1519195530169415
211,-1.601938410119696,-1.6437062332675987
212,-2.0155619042260304,-1.9641881983770184
213,-1.266075795791188,-1.2491634205784974
214,-0.6553323019382565,-0.6639388427362393
215,-1.1157183749601245,-1.0979862882807612
216,-0.963883776073308,-0.9870816330130072
217,-1.0475157379179962,-1.021725402546566
218,-0.9028286453365356,-0.878642192617212
219,-1.072509106739547,-1.0097125980257537
220,-0.9240389701931976,-0.8705886636993353
221,-0.8882693680681923,-0.8154425315750968
222,-0.9223694588786872,-0.9092200768848276
223,-1.1674521385237229,-1.1855704417003037
224,-0.9358161235040472,-0.8393210747570822
225,-0.3924240424082829,-0.40820291096407724
226,-0.8637744733529498,-0.8011036067142274
227,-1.1486730575561523,-1.0886482446967827
228,-0.9104296357132668,-0.8887835559073768
229,-1.0940468838048536,-1.037694768409076
230,-1.2760490511738978,-1.2222346014043886
231,-1.1916109388188798,-1.0942372366196262
232,-1.3210212297217792,-1.343173491135304
233,-0.8005051788433578,-0.8307005715877321
234,-0.9316852508589278,-0.9188078547156792
235,-0.9409628533577734,-0.9136052186907178
236,-0.8563597351312637,-0.8505460849962659
237,-1.0586307769597962,-1.1019223590239795
238,-0.7614848428918409,-0.8134221297436082
239,-0.8801505722740824,-0.9041704634908905
240,-0.6458647544567402,-0.6508017922395297
241,-0.8705898005832997,-0.8255748012370474
242,-1.0755453581033751,-1.0559817175110722
243,-1.299116912738297,-1.234778215265617
244,-1.0547359821408293,-0.9972617438601334
245,-0.927832379821659,-0.842769117974632
246,-0.8686151307398878,-0.8384909820946196
247,-1.272665065388347,-1.1943688454252235
248,-0.871750041495922,-0.8783181559340119
249,-0.9166844796764758,-0.9412380719204233
250,-0.9410585737967676,-0.9191478452730996
251,-1.2616864165594412,-1.193622695519457
252,-1.0785717049310373,-1.0610488598588663
253,-1.3378893885501597,-1.291739349299257
254,-1.0117970926817073,-0.9715932261925287
255,-0.6465418652970661,-0.6531407463673836
256,-1.0331692593966344,-0.9877990265238338
257,-0.9465428923451624,-0.9066769384573212
258,-1.2112752559573152,-1.1697148501631267
259,-0.9530201521954796,-0.971874923432779
260,-1.2681536406509637,-1.259741036012118
261,-1.0497447048970896,-1.0329083606368505
262,-0.9957018933554952,-0.9189280923853249
263,-1.545710372370343,-1.4781278548540135
264,-0.9899360830967244,-1.0072528692678098
265,-0.5231444863385932,-0.5114528587458839
266,-1.114526815192644,-1.110678264103316
267,-0.8092637117518935,-0.7529392807530291
268,-0.8580622728480849,-0.8742418870399828
269,-0.8098074641338614,-0.7729753939553957
270,-1.0965736152589782,-1.0753618688758826
271,-1.157408128413119,-1.1279253217795606
272,-1.017965180005214,-0.9949080915899506
273,-0.8857080640718918,-0.8526126785589108
274,-1.1230756737465082,-1.1229385618478358
275,-0.8536522789339048,-0.8324650453824056
276,-1.3899786444597466,-1.3645485106018365
277,-0.9690339713133582,-0.9612383897147038
278,-1.0869664637617362,-1.0587666588757292
279,-1.094253812806081,-1.0694896228681503
280,-0.8930119876713716,-0.8513396929254116
281,-0.8775524178216624,-0.8517509181104426
282,-1.1079563604768856,-1.067341492287408
283,-1.32216729859049,-1.2665752637889158
284,-0.6707920578290831,-0.6873052792274318
285,-0.9946506679520126,-0.9726132382347954
286,-0.7957110044568084,-0.7515865671444376
287,-0.8012222578359205,-0.7915179916391406
288,-0.940118672311768,-0.9383605982916188
289,-0.7477386395136515,-0.7890742633598027
290,-1.0490748484929402,-1.0230364071272775
291,-1.1058863992838897,-1.0902527876967207
292,-0.8345471574354542,-0.8406033108380152
293,-0.6607661847920381,-0.6483940642591477
294,-0.6062385070173046,-0.6381293567474177
295,-0.7620699913926827,-0.7395332492115675
296,-0.6409637364306191,-0.643540647754966
297,-0.6832224629646124,-0.6537094543666032
298,-1.053499759629715,-1.0501207520011613
299,-0.9971713576205942,-0.9949708553907886
300,-2.382130952442393,-2.582960098263967
301,-1.1433234205541685,-1.2874464987409835
302,-1.0180169186850851,-1.1158924563731263
303,-1.3076143662134807,-1.510028574992394
304,-1.2340232668251827,-1.2132662288791374
305,-0.7933154022970865,-0.8039322113334333
306,-1.1962347468551324,-1.2130440846572654
307,-0.9897238145502962,-1.0066251522584102
308,-0.5721439474312834,-0.6593386681365857
309,-0.541421859352677,-0.6274251033855893
310,-0.8434203465779623,-0.8608845010337615
311,-0.9953359564145406,-1.0505178863103826
312,-2.0163828986031667,-1.9641869262328713
313,-0.8137907704641653,-0.9010926249049371
314,-0.6632798565551639,-0.8339429805366618
315,-1.386738724178738,-1.460446683892946
316,-0.8774212718009948,-0.9595991720631653
317,-1.197289601776951,-1.2460598826882832
318,-1.1481244865505176,-1.2467844021069312
319,-2.1519715731794182,-2.3929436078706017
320,-1.2870823580485125,-1.3367041010733214
321,-0.6109415606934895,-0.6805076276138388
322,-0.757101223236177,-0.9407402647153806
323,-0.8734610810760379,-1.1036147028804637
324,-1.0028542289438174,-1.2005046330450804
325,-0.4655428893806398,-0.4843388039985721
326,-0.6234314700429754,-0.6860124187768882
327,-1.9847534013831096,-2.238483857563101
328,-1.7204509405862718,-1.8436704124164034
329,-1.17147692044576,-1.2851020839201968
330,-0.6493829665705562,-0.7944122126297307
331,-1.298352700692636,-1.373821213803926
332,-1.0723624108359218,-1.2137257442794274
333,-0.5947813065722585,-0.6242081569290889
334,-0.930505445761274,-1.0788737051664403
335,-0.6916178002838016,-0.766209734510259
336,-0.9013615955005992,-0.9773092687252818
337,-1.0754589784977049,-1.2505171783589295
338,-0.6546088569746242,-0.7255205643455428
339,-1.4077829981959142,-1.4922464584156712
340,-0.6441583981880775,-0.6513090027672311
341,-0.4727872342102287,-0.5967094372453636
342,-1.2019033006919446,-1.302996242711131
343,-1.3562635525252469,-1.3946991010883107
344,-1.1286293426528573,-1.3127690204761213
345,-0.8340153135359287,-0.859944130248121
346,-0.9204271254332168,-1.1070274536668865
347,-0.5791756071785624,-0.7327191392775028
348,-1.0450321521077837,-1.040717669599681
349,-0.419042749191398,-0.4217322590284728
350,-0.7000230429694057,-0.8339085095069404
351,-1.435737922210102,-1.5706516993449493
352,-0.8638300313506015,-0.9613642355191536
353,-0.6716652424760567,-0.7948298254602589
354,-1.006385125219822,-1.068489376102685
355,-0.711825208058433,-0.6535063824079435
356,-0.9618986530821452,-1.0765008764158082
357,-0.9914859829022904,-1.0045783418250906
358,-0.9722218587994576,-1.1025446516173731
359,-0.789722407857577,-0.7955122820115139
360,-1.1083792568177215,-1.1705236221694602
361,-0.9574492564424872,-1.1034034536443975
362,-1.055037797987461,-1.1929004529960239
363,-0.9423613343387842,-1.0066105919916544
364,-0.7680428926761333,-0.9078040025663162
365,-0.3838882914975158,-0.4457351328311801
366,-0.6851271963858789,-0.736156634246744
367,-0.8483865880226904,-1.0159506301787729
368,-0.7379748368448065,-0.7581050143205065
369,-0.8000336201616036,-0.8527696609188363
370,-0.5254317257139418,-0.5894548819863971
371,-0.5833985833234565,-0.7214059710175459
372,-0.7073212655223146,-0.8260147191850054
373,-0.8186707096174359,-0.9144850564571912
374,-1.1111223022494696,-1.1593249167674717
375,-1.7572418451309204,-1.8704950098407995
376,-1.42661958368201,-1.4684049447649732
377,-0.7839647550431509,-0.8225320230407529
378,-2.0779417861591685,-2.266144177532021
379,-0.6899961991743608,-0.606770991875723
380,-0.6406417290369669,-0.6780081523652994
381,-0.5991324685340704,-0.6152353925485303
382,-1.534202444460965,-1.6894511056727626
383,-0.4419054811651056,-0.46749103657893354
384,-0.5468323675791422,-0.5272144159676887
385,-0.9376529843308204,-1.03154213042588
386,-3.125515495027815,-3.296593601490244
387,-0.8875407995656133,-0.9651602049626463
388,-0.8242948591247086,-0.9068595063042504
389,-0.8149701936529317,-0.9810115581051624
390,-2.0209685097570005,-2.317058586918396
391,-1.3406829487892888,-1.5917660683875345
392,-0.7084926217794418,-0.6948652576482162
393,-0.4716049404594842,-0.5012638943992539
394,-0.8386405401451643,-0.911162504712811
395,-0.6410826602950692,-0.7563045284169406
396,-0.9925562411315682,-1.0830437914554352
397,-0.482227086096771,-0.49202035077908024
398,-0.6974860951304436,-0.7962193956831896
399,-0.845995774564817,-0.9551645720616945
400,-0.8448231081629909,-0.9593436301179146
401,-1.0147926427167038,-1.1405554635728692
402,-1.1633710343708363,-1.2696961049027828
403,-1.2410007900045823,-1.2068100563700572
404,-1.0566141383592471,-1.1101070818839052
405,-0.9335368446601454,-1.058358817515493
406,-0.7022019347479177,-0.8321042937734191
407,-1.0323867409728291,-1.2547823018349813
408,-1.4150400586830554,-1.5469776086043356
409,-1.1109783427659856,-1.2469642228605176
410,-1.3877491396526958,-1.3454013986208182
411,-1.80553981760046,-1.6820167620552438
412,-2.3073273641722545,-2.561324637505986
413,-1.3805091371301743,-1.5103092323768283
414,-0.7820770666580792,-0.8929121906106554
415,-1.1235861014574766,-1.1302024675569877
416,-1.0552048646202383,-1.0721830871698654
417,-1.1025914628376332,-1.1517451696889967
418,-1.076960000880929,-1.1329390462634092
419,-1.2287713474081468,-1.179768491979309
420,-1.0083533386851466,-1.1760475730615791
421,-1.0573839623798695,-1.1734657340215386
422,-0.9989725767179976,-1.0867165218830799
423,-1.2816752232322397,-1.2607783449357313
424,-1.2102408612421316,-1.2350511518567098
425,-0.3801997675854935,-0.37548035241305244
426,-0.976230644440466,-1.016845880118367
427,-1.2272741923960604,-1.2317774660007421
428,-1.0113393419472747,-1.023531805188242
429,-1.2328407145285791,-1.2541033040596958
430,-1.364334082418634,-1.4844733968778305
431,-1.2990849064302077,-1.3049077961971192
432,-1.461649123088334,-1.5327706466258573
433,-0.8634125687355219,-1.0062291618095427
434,-1.0407754358395125,-1.1606698658487309
435,-1.0229079917419788,-1.1047613624403954
436,-0.9352520088354748,-1.135409053059597
437,-1.049720011940298,-1.1424598955031675
438,-0.8095877318419227,-0.9156484240366743
439,-1.0060311491175216,-1.1096796771500668
440,-0.6551756051870493,-0.6948659169901358
441,-1.091779305953388,-1.2750640270672013
442,-1.1184676137081413,-1.255853641164304
443,-1.4067313403122186,-1.5215317122668042
444,-1.0520106590995493,-1.2786413592964179
445,-1.0237595406613609,-1.160657410345928
446,-1.014561037378987,-1.118314381252011
447,-1.3656093325725822,-1.374286595412126
448,-1.022366387899532,-1.1278975187771232
449,-0.9411161380220752,-1.0864017602554936
450,-1.0953855348187824,-1.140184840046108
451,-1.3475427719973778,-1.4278224668519772
452,-1.145145675008611,-1.2775519033079565
453,-1.403465100037035,-1.3274103799713954
454,-1.096858772196511,-1.2780435371332788
455,-0.7790871128555417,-0.8886140531369987
456,-1.1474999669910402,-1.2050998356445803
457,-1.0730251785396605,-1.0513139677211003
458,-1.2971548304077267,-1.4357577380161466
459,-1.048527302668076,-1.1808914447088519
460,-1.3763826891433362,-1.5383150629956928
461,-1.114354413609172,-1.2451320726029746
462,-1.0172594591628674,-1.009509732044097
463,-1.5416966796845428,-1.6733476777365448
464,-1.1309711557168227,-1.2291841622320845
465,-0.6559538203616475,-0.6513176281278954
466,-1.2436616143514945,-1.3229682336767417
467,-0.9073530527972437,-1.0807711013245438
468,-1.022996371106584,-1.0997934210536993
469,-0.8713611706282741,-1.0352859170385909
470,-1.124745443809864,-1.150426033109931
471,-1.2268202702204387,-1.3073179024137123
472,-1.1563761964324832,-1.191904154964361
473,-0.9921978943107664,-1.1237477965221587
474,-1.1917021468628284,-1.2397560143643698
475,-0.8770919763936406,-1.039940860281071
476,-1.4748739142750584,-1.5529580286299554
477,-0.9995705175769422,-1.1561564733550875
478,-1.07971283816552,-1.2013465476860974
479,-1.1370856903367124,-1.191047308337985
480,-1.0215487831322725,-1.0533682177576533
481,-0.9316114695497262,-0.9837184407852577
482,-1.1472574361535006,-1.2944948313369715
483,-1.3978551099466725,-1.4176511029587844
484,-0.7087105197726555,-0.7460718788407944
485,-1.105360971864804,-1.1804805236947646
486,-0.9017085548519164,-0.9380380374873922
487,-0.9081773776416632,-0.9369142773814234
488,-1.0328715217205906,-1.0859024929510568
489,-0.8678893349891486,-0.8985854508407553
490,-1.0675286350324171,-1.0967116762529183
491,-1.1585986244586086,-1.2351106979042628
492,-0.9348441990771036,-0.9449743341640052
493,-0.752577546030976,-0.9035043593359823
494,-0.6513336700729176,-0.6552965411741425
495,-0.8895268662031307,-0.9513269041544541
496,-0.7630489639533583,-0.8324708942675756
497,-0.8152823457422183,-0.9307860753182795
498,-1.1490450977355011,-1.2628559555375038
499,-1.025813942731813,-1.1911558601369814
500,-2.22922121777254,-1.8689298475687173
501,-1.0493817126104077,-0.8883605866004883
502,-0.9455057253209196,-0.7991920112965567
503,-1.13550878100925,-0.7942927796649204
504,-1.3052774379993308,-1.1852217279609594
505,-0.7668649106062659,-0.6895636108932447
506,-1.1962614302732506,-0.9751792661653501
507,-0.9214186705360116,-0.8514291198956476
508,-0.5388093669285146,-0.4561899399298187
509,-0.5253377431704674,-0.31616036335963527
510,-0.7737765584673201,-0.5905211448160318
511,-0.976447582244873,-0.8501084540501181
512,-2.3073273641722545,-2.5612849702291305
513,-0.6803855008857195,-0.52556792195139
514,-0.5377436745911837,-0.3576529095377067
515,-1.4973340498076544,-1.133020306370287
516,-0.8194352487723032,-0.7322074467013437
517,-1.1323512127233106,-1.0027545888755094
518,-0.98880729867124,-0.8751604785234012
519,-1.909599867734042,-1.5893066499583854
520,-1.1320607799750109,-0.9294760805583536
521,-0.5037728779075682,-0.3328602824423561
522,-0.6298571970404648,-0.4732971232527049
523,-0.8602931268455446,-0.6763586887016183
524,-0.7040593411571295,-0.5950850216686726
525,-0.4495474885600481,-0.44283572159655765
526,-0.594612487526827,-0.49525151644343973
527,-1.813250505405924,-1.4705546546608037
528,-1.8479475918270287,-1.4373994645850894
529,-1.0012917982207403,-0.9373197201131459
530,-0.5360021740198135,-0.44105681355188153
531,-1.3964296579360962,-1.1181525117885431
532,-0.9875261932611464,-0.9436785983700432
533,-0.5434691039845347,-0.4732432576074394
534,-0.8765800276467967,-0.7104661772334914
535,-0.7429928908976473,-0.64886813026074
536,-0.8858433379368349,-0.7855141053172007
537,-0.9493288882943088,-0.7907367334870308
538,-0.5599910968870628,-0.5228301533902013
539,-1.2815360339112984,-1.2029013552413457
540,-0.6523356621082013,-0.6923823916803814
541,-0.4462979375854019,-0.2628683526893747
542,-0.9320805654969326,-0.8816389438605801
543,-1.2569330089776092,-1.1961030283431147
544,-0.9863272588700056,-0.7609845368184647
545,-0.8827513689175248,-0.6487647590170181
546,-0.8997113721958105,-0.5669924671500882
547,-0.5302198589310165,-0.3699192087464578
548,-1.1665510066917963,-1.1732063966156678
549,-0.4059230213734641,-0.3964214952573915
550,-0.6736230626702309,-0.5081308552086161
551,-1.319583071294681,-1.27418917218735
552,-0.7549315469209538,-0.7059541585493799
553,-0.5896852164305457,-0.4654490603186431
554,-0.9582644142210484,-0.944272600557253
555,-0.7874677200166006,-0.7317449328789529
556,-0.9313542648803356,-0.7111825207118139
557,-0.9410022386284762,-0.7460999400144409
558,-0.8399862525984645,-0.7388722426149991
559,-0.7986394673585892,-0.8322994781287456
560,-1.0777570785478103,-1.0236211104721926
561,-0.8342631729319692,-0.6180736680864894
562,-1.037959223985672,-0.9302456348869521
563,-0.830839135684073,-0.7191896738821826
564,-0.7126457773722135,-0.5401871925708107
565,-0.4223180122864552,-0.30307239762202853
566,-0.6464063160179198,-0.6201543018822407
567,-0.6897647482480189,-0.4739181025766435
568,-0.7219077357950137,-0.7009114568446225
569,-0.6588719436364581,-0.4443778905286294
570,-0.4600851933161418,-0.3430632105379844
571,-0.4681211931760921,-0.3242396142919269
572,-0.6791808155118203,-0.45856481803592675
573,-0.7163871750235558,-0.6515296218496284
574,-0.9906295326958716,-0.8895420272403878
575,-1.7645223642650405,-1.5973143143862614
576,-1.2587119190316451,-1.1593857301639925
577,-0.7830035478349716,-0.5635113484252058
578,-1.823698376164292,-1.2316448849076225
579,-0.6036998098546809,-0.486831182708533
580,-0.5326670454454052,-0.40414059037919153
581,-0.6301769064378369,-0.657553370712663
582,-1.4329044929770536,-1.1707572667708916
583,-0.4781059330159967,-0.40445414279436814
584,-0.5460239315032959,-0.5484408235751322
585,-0.8464489010877387,-0.6401261269537293
586,-2.688774222419376,-2.460840539412523
587,-0.7872192123904824,-0.5197345086046652
588,-0.7870244379191436,-0.7172373981445462
589,-0.8346635300085086,-0.7479068805262795
590,-1.7610915484635723,-1.51126027366894
591,-1.2198380327993823,-1.0522962808057716
592,-0.6939472913742065,-0.688807742119653
593,-0.3697451484484935,-0.2738530324099509
594,-0.8702586445697519,-0.9093099572314186
595,-0.5596691286191344,-0.4518688437769498
596,-0.9892133252565252,-0.9296006527180011
597,-0.4404026029645934,-0.3865752225587605
598,-0.6753457421436906,-0.585197838957082
599,-0.7371566138526265,-0.6486428412693895
600,-0.8487818268842475,-0.858553657926806
601,-1.1580113583597644,-1.1344382375907625
602,-1.1682208933571512,-1.1869731713813134
603,-1.1543746539788653,-1.193285515239023
604,-0.9992490304532902,-1.0382689135557595
605,-0.9468299852785214,-0.9683202092770147
606,-0.746559276137241,-0.7120747200377016
607,-1.1096884603648225,-0.9992849674947915
608,-1.444938343624736,-1.4097008045878887
609,-1.1784182306407958,-1.14968279087694
610,-1.242758505104124,-1.1727290049041872
611,-0.984283780003642,-1.0712429579742015
612,-2.383133360317775,-2.420281438627708
613,-1.352519407624104,-1.4470606949558684
614,-0.8285646004270214,-0.8226630691497329
615,-1.0854600742459295,-1.1191816427019126
616,-1.0666489684304523,-1.0929258109016577
617,-1.1213062456411909,-1.083539993220819
618,-1.0603473399036614,-1.021799454617017
619,-1.1545268620631493,-1.1468268847537055
620,-1.0843818612801013,-1.0105583356704926
621,-1.0181908302528913,-0.9400292924635402
622,-0.9132205423458604,-0.8453482203194038
623,-1.130137613577436,-1.2257467137417806
624,-1.0477975690087606,-0.9249421357908391
625,-0.3717475477446857,-0.3820199742896717
626,-0.9309431776519894,-0.9429339986966309
627,-1.157119173412175,-1.1011341268031958
628,-1.004826118779737,-0.9890744010644458
629,-1.2114779995393383,-1.2297303389837921
630,-1.3798006440317907,-1.3396395651969617
631,-1.2634746168935025,-1.2032019231467856
632,-1.4189498757207115,-1.4392805803947912
633,-0.8474154121191927,-0.8188842534706394
634,-1.0569234818451163,-1.07080791750112
635,-1.0548029740651448,-0.9908816216302178
636,-0.9842322369416556,-0.9600087082093706
637,-1.1450389392616214,-1.1823555395688798
638,-0.8536718353744626,-0.920605838751247
639,-0.9926542949306872,-0.9807290216423304
640,-0.6846612325081458,-0.6775693086894877
641,-1.117262361585632,-1.024451132930963
642,-1.1076807291932809,-1.096288283441406
643,-1.3852831531864729,-1.2846396341405657
644,-1.1291782033535862,-1.0444142618786754
645,-1.015758286150851,-0.9363220095451179
646,-0.8742975550373708,-0.825205064571211
647,-1.3532979941183283,-1.296438152405638
648,-0.9889474109161732,-1.0064135388955646
649,-0.9464221028394476,-0.9242602344674604
650,-1.0966396174689597,-1.0503551518152758
651,-1.2514715508897176,-1.271684329894755
652,-1.1864602205365202,-1.197889532837204
653,-1.36588795148125,-1.3116141936788959
654,-1.227934565655021,-1.2477512930493784
655,-0.760110104730887,-0.7423851345893664
656,-1.114662067834721,-1.0707343111828787
657,-0.909981472547664,-0.8999977157012118
658,-1.2767105786375297,-1.179349133934438
659,-1.125536608141522,-1.0965647617648875
660,-1.261435399683871,-1.2534236756299602
661,-1.0929683908935666,-1.1520857170920362
662,-1.0056620346483334,-1.0141752531569705
663,-1.5508331180542938,-1.5028653201914581
664,-1.211686544234936,-1.2866369458115627
665,-0.6634612508522447,-0.6700208313054177
666,-1.2412946020909983,-1.2354593354665238
667,-0.9745426122532336,-0.9854446663619751
668,-0.965460685796516,-0.954075116174093
669,-1.0173627165860908,-0.9767893422531273
670,-1.11821995964346,-1.1379677176750267
671,-1.2094630705293758,-1.2012535593545413
672,-1.1082349793855537,-1.1028581677603908
673,-0.9892768462498984,-0.9800048853582901
674,-1.1088972489039104,-1.132101509681505
675,-0.9115806037345818,-0.9101435958361701
676,-1.3962247861448185,-1.3642825225710045
677,-1.0254528402358063,-1.0280470227930896
678,-1.0922687589660172,-1.1558097066080013
679,-1.013817298210273,-0.9957072456842719
680,-1.0194389200949854,-1.02762728336916
681,-0.9324334665786388,-0.9227613346844243
682,-1.2125831010729768,-1.192387389776031
683,-1.416062501049781,-1.4192934412578897
684,-0.7175766207137197,-0.6752755414115706
685,-1.1200654728468074,-1.1384904877363577
686,-0.9098859323087588,-0.8895210866785562
687,-0.904666967170183,-0.9342046760026075
688,-0.995873630508896,-1.0303709763905857
689,-0.7867544529049896,-0.8828022216401705
690,-1.0110586096150007,-1.0600703990980134
691,-1.2046668954597888,-1.2483787294319661
692,-0.8334995951763419,-0.9052152026225931
693,-0.7952041330263596,-0.7874837307535727
694,-0.6271803394148622,-0.6710943352750787
695,-0.8364876351615255,-0.7539821092791431
696,-0.7263058294621549,-0.7162173154133816
697,-0.780560621919558,-0.8082896655517106
698,-1.2049594563107158,-1.1477758801277362
699,-1.1056855713674263,-1.124506898358486
700,-1.9946306523154764,-1.967601174445367
701,-0.9546897836433824,-1.1215327332817253
702,-0.8362803865772809,-0.9546252386362873
703,-0.9991559399498834,-1.1950487035005057
704,-1.144258663572114,-1.2092781397379984
705,-0.7370010558948961,-0.757410634936267
706,-1.0693200388733222,-1.0324755291761234
707,-0.9336809945660968,-0.9564694853899427
708,-0.5150377029596374,-0.5388422948017502
709,-0.3853445376878903,-0.3902530957799847
710,-0.6774456012816656,-0.6855600581076343
711,-0.9148696899414064,-0.8823095686147636
712,-2.382973040853228,-2.420415373681114
713,-0.6938120274580726,-0.8026615171590966
714,-0.4123509172350168,-0.4578898429046568
715,-1.3436289297209845,-1.3843502233700935
716,-0.7620417694250743,-0.8036061090828206
717,-1.0456805645033371,-1.1333772300020182
718,-0.9604231667244572,-1.0887102375476232
719,-1.650855216113004,-1.9910709044050878
720,-0.9999932577976812,-1.1490918882208259
721,-0.423971690872843,-0.5956773254983888
722,-0.6033547244420866,-0.8323016144918585
723,-0.6938792531804521,-0.9823817167496682
724,-0.6742655066556709,-0.846809699409209
725,-0.4466384704722914,-0.45702845055818925
726,-0.56689836258112,-0.646510299523799
727,-1.5913885106211123,-1.984852866768065
728,-1.415639423188709,-1.5804598944908865
729,-1.0312281847000122,-1.0298645633590928
730,-0.4704217035323381,-0.5988502182463494
731,-1.2578262708805226,-1.2175385763834514
732,-0.9816799499094486,-1.109718313152821
733,-0.4766932027414441,-0.5613837520520967
734,-0.7809385088987129,-0.9986941084903782
735,-0.7058508017266444,-0.7443777619197917
736,-0.7848284664479169,-0.8479370380418606
737,-0.9055553323538728,-1.1301682218343836
738,-0.5313901488236555,-0.5955937508274516
739,-1.2099516465682392,-1.3026776791025838
740,-0.6783177247414223,-0.6741641680865426
741,-0.3429984861566115,-0.47246186699611387
742,-0.9114029287367827,-1.0383924541884013
743,-1.2661024646241537,-1.292973018249999
744,-0.8709855005145073,-0.9801900835570276
745,-0.7296605464071035,-0.8116998222877243
746,-0.6845444717269012,-0.7969846705996543
747,-0.4911126166351082,-0.6222142096663269
748,-1.2062012084892817,-1.151867081652026
749,-0.3514253256925896,-0.3762215652090128
750,-0.5576173923909664,-0.6145778294549226
751,-1.3565822673398396,-1.5701047528263834
752,-0.7367829814437747,-0.8103047479488994
753,-0.5396536024965981,-0.6613288072957526
754,-0.9556747181341052,-0.9911572416247849
755,-0.737634919938587,-0.6233413701543029
756,-0.7257098818934241,-0.7769007349139727
757,-0.8580833618030992,-0.9053433963533406
758,-0.7483023032546043,-0.8262880453030694
759,-0.8181002507607142,-0.814261254908121
760,-1.076624533002691,-1.165683333909571
761,-0.7741287872195244,-0.983993408574747
762,-0.973927766084671,-1.0545097560074224
763,-0.7284633535891771,-0.8441721895684012
764,-0.587093632037823,-0.745252589423098
765,-0.3665332834944765,-0.3743954002817855
766,-0.6602872434512589,-0.6827534290540443
767,-0.67472024204195,-0.9179716758972106
768,-0.7117748667103375,-0.7164657951266411
769,-0.5488732360130133,-0.6240611486970536
770,-0.3641168456228952,-0.358762913775841
771,-0.4173347737437995,-0.49988850590683803
772,-0.5756569176304097,-0.6471013070052222
773,-0.6491803340613842,-0.7015015449430347
774,-0.9537961968278464,-1.0458910755861326
775,-1.6491249235052812,-1.5388188596221148
776,-1.1631494998931884,-1.1591689412805048
777,-0.6865082846747504,-0.8695886809702923
778,-1.6399021401549831,-1.6445967663570171
779,-0.5947571689432317,-0.52204068171644
780,-0.4462565146675405,-0.5596649022425582
781,-0.6295611960019252,-0.6503062028159861
782,-1.345149602076804,-1.5740561491280005
783,-0.3774919509887695,-0.43237605605715435
784,-0.5579305585225424,-0.522921899153539
785,-0.7353606695352599,-0.904239437004688
786,-2.415909176781064,-2.728657123882003
787,-0.6537689818069339,-0.7292378366059153
788,-0.7709113239317902,-0.8365921318374888
789,-0.7093338944496365,-0.8676227017152112
790,-1.5330992263296377,-1.723593895014385
791,-1.127243749557003,-1.2061495736015828
792,-0.7331851840019226,-0.7314459859993004
793,-0.3138606867452306,-0.3333755834937539
794,-0.8285492741784384,-0.8672792864548674
795,-0.4955524122342467,-0.5870184307780235
796,-0.9662231530329978,-0.9723249134889014
797,-0.4129108939059945,-0.4867396591780366
798,-0.6005227882415056,-0.6755339996873914
799,-0.6917592028314753,-0.8423969485360646
800,-0.8441559917242952,-0.8864406210574516
801,-1.0911012476888196,-1.1183481514251041
802,-1.150836465894714,-1.2145623266206385
803,-1.2058335450268531,-1.204447326224221
804,-1.0388093724731329,-1.0741816000315496
805,-0.9726858970730804,-1.021317852328332
806,-0.7374115036439526,-0.7679615649093391
807,-1.1073421304540116,-1.2103713247631938
808,-1.4542012260865795,-1.4895137677837216
809,-1.1311948974003163,-1.1785151467146917
810,-1.3158270499502966,-1.3167207710718838
811,-1.66490226656526,-1.6911522493702287
812,-2.072794641767229,-2.323946495632357
813,-1.4058159716793748,-1.4731305127805567
814,-0.8261216777239659,-0.875835655938895
815,-1.1128584360703826,-1.1209945965623718
816,-1.0439598671225614,-1.073807414901252
817,-1.1285862432893856,-1.1664997363981202
818,-1.0381194297657457,-1.0813655376037108
819,-1.1671165264854135,-1.1663220822993088
820,-1.080478401147118,-1.105690023135745
821,-1.0653262480284815,-1.0985276846241971
822,-1.0151470160299494,-1.0547744772256111
823,-1.2785786833874015,-1.278352115276323
824,-1.2257542684096698,-1.2391873102821136
825,-0.3646378384696113,-0.3728186282256963
826,-1.0912416175354358,-1.069100582105421
827,-1.1790332415307214,-1.2074848610754074
828,-1.006891357806302,-1.0197822102028682
829,-1.2625307186629422,-1.263449089039872
830,-1.372881522474363,-1.4231196185617714
831,-1.3318340926207313,-1.3005155772444281
832,-1.4780287853507108,-1.5252002688981903
833,-0.9071116900259212,-0.9872848710605273
834,-1.0840927732083223,-1.1319759632776378
835,-1.0650169988011204,-1.1066265098020662
836,-0.9527295937140784,-1.0480124637924844
837,-1.1022450905437615,-1.1633185209138504
838,-0.8267495549002359,-0.8932524573337386
839,-1.0082175861033358,-1.080424489263442
840,-0.6585037020536569,-0.6718386032880463
841,-1.1193074865858683,-1.1910298379775783
842,-1.268314765405285,-1.295585692787494
843,-1.515088204265565,-1.5157721457375457
844,-1.1270244204720783,-1.198658295710569
845,-1.029882737832476,-1.06125267005504
846,-1.0382419730734638,-1.1012522684881523
847,-1.4033701392107232,-1.3857523695995941
848,-1.0460519966228987,-1.093361268270109
849,-0.9568982771200728,-1.0198494361720674
850,-1.1326777020166086,-1.1620003291453598
851,-1.3420630942943483,-1.365899432965413
852,-1.14271131596824,-1.201114244778001
853,-1.4471994684648144,-1.377312022095082
854,-1.1826967962028443,-1.2059750767826944
855,-0.7796654026637706,-0.821761682622842
856,-1.1618997320648312,-1.2005311802125505
857,-1.1538289813108222,-1.111017743140411
858,-1.32637605278991,-1.366119743540613
859,-1.088934720948685,-1.1354274441838963
860,-1.3779781622480052,-1.4563351829985738
861,-1.1723226290340572,-1.2138787490170553
862,-0.9902495108833608,-0.9835746805785972
863,-1.6197052500968756,-1.6342262001461905
864,-1.1949977553807771,-1.2259805184778365
865,-0.6410854666732079,-0.63897690328534
866,-1.2681710341180017,-1.2788816634995368
867,-0.9686760061471036,-1.0074520746087106
868,-1.0294419758079587,-1.0836580646992728
869,-0.998736300209696,-1.0145432641130898
870,-1.0965299366056458,-1.1047243238204283
871,-1.271550974180532,-1.3240506439434245
872,-1.1312366224998651,-1.1539735702768557
873,-1.009572002314782,-1.079393277523281
874,-1.1934092497640802,-1.2488604473066665
875,-0.9503766498734466,-0.9896096671720123
876,-1.4814248861268509,-1.5271180007924943
877,-1.0480120200519414,-1.1021192450969133
878,-1.1362133312594982,-1.1937239562661905
879,-1.1458719898078402,-1.1582834868152432
880,-1.0150325344514477,-1.05518175711147
881,-0.9620487440464108,-0.9687675099483473
882,-1.1501936626064686,-1.2094211877184162
883,-1.3840896501097568,-1.381550133460914
884,-0.7063326048401167,-0.7156860514830337
885,-1.1549336596052775,-1.1783861590182092
886,-0.9756526512693066,-0.9524847320712895
887,-0.8955184784970542,-0.9247471438506103
888,-0.9989997573601184,-1.0520166780770115
889,-0.8651710878046908,-0.904673831505281
890,-1.0929869496545126,-1.0987783095245691
891,-1.1972833206487257,-1.2405680235528147
892,-0.8837596898855165,-0.9243323863274626
893,-0.8147574709367382,-0.8619181867184401
894,-0.6162613932090469,-0.6228156128810463
895,-0.9520702241927156,-0.9658969569688276
896,-0.9233052083688188,-0.9122562710848565
897,-0.8885469852491866,-0.90472274813308
898,-1.172561246295308,-1.2174806725390388
899,-1.1006367123404217,-1.1453258116473897
900,-2.144798475153306,-1.9584126694461594
901,-0.9965010604193044,-0.971139233203522
902,-0.8630676408146702,-0.8683906442450282
903,-1.072123614947001,-1.0074777451127823
904,-1.1544214445969154,-1.1628880127544168
905,-0.7260402246963146,-0.7122433697377697
906,-1.1113449116142429,-1.036908805906168
907,-0.9278561311174732,-0.8995342810160815
908,-0.5200106727984525,-0.5408616778187231
909,-0.5005841814441445,-0.42581164002600996
910,-0.7793903861727033,-0.6926478563421604
911,-0.8800929387410482,-0.8536689553734479
912,-2.0726330620901927,-2.324293661395351
913,-0.640316691509513,-0.6128289371658687
914,-0.5316345654428005,-0.4981595882370786
915,-1.3750866221057043,-1.2902758189025458
916,-0.7778480102618536,-0.7810861390021915
917,-1.1217232434324516,-1.0841931220368548
918,-0.9768695639467788,-0.9505690281407411
919,-1.727658596905795,-1.6728436068194796
920,-1.0979549517998328,-1.047026214137424
921,-0.5595704732939254,-0.4724458279539857
922,-0.5709419119648818,-0.5774680271557495
923,-0.7744914062263429,-0.8070746740710475
924,-0.6457341040751731,-0.667451402773374
925,-0.4374060584593189,-0.44366602465776794
926,-0.5730015686316083,-0.5451308218494383
927,-1.6192206869954648,-1.5663680388748853
928,-1.633212958063398,-1.599667240755179
929,-0.9678909315003288,-1.0398977011311792
930,-0.5219424488022923,-0.5290283498602513
931,-1.317165321773953,-1.2956747627904543
932,-0.9705607425421476,-1.0106404987938309
933,-0.5155211519449949,-0.5175940921306746
934,-0.8235107826632123,-0.8230948559204823
935,-0.721898357073466,-0.7162700575201508
936,-0.8074999018148943,-0.8002036838849875
937,-0.9365976281868394,-0.9143795021772655
938,-0.5544774551091232,-0.5546453783683469
939,-1.3220973208893176,-1.2791046929860617
940,-0.6541409226564261,-0.6700479666935474
941,-0.3987960713778355,-0.38089237289574585
942,-0.8581811836523603,-0.9195481745771474
943,-1.257319726685221,-1.238630798043545
944,-0.9208894316107036,-0.8969603117778485
945,-0.7892276560887694,-0.7306026672959125
946,-0.7561542193094889,-0.7486418835569548
947,-0.4742048609164334,-0.46998051485518666
948,-1.229409179517201,-1.1852319832839586
949,-0.3924067785490804,-0.39177365286667815
950,-0.5911645973101258,-0.5878485279724622
951,-1.316006300985351,-1.3386157197573378
952,-0.7495875256930211,-0.7664864702424201
953,-0.5662239947060282,-0.5465477130016235
954,-0.928586053662002,-0.9762764711219134
955,-0.7317406204011705,-0.6761098643199934
956,-0.9082342386245728,-0.8430275809170233
957,-0.9254079687502956,-0.8409687724493257
958,-0.8077514469623566,-0.8229888501976669
959,-0.8001342475414276,-0.8157474440681902
960,-1.02826634026313,-1.0528470697009085
961,-0.8441626969724894,-0.7834611200117143
962,-0.9885448023676872,-0.9602239359859044
963,-0.8313073506578803,-0.7915686243440857
964,-0.7393248365475581,-0.6789764326462548
965,-0.3678588164158357,-0.3414984242740319
966,-0.6624303566393002,-0.6566059298805275
967,-0.7149659783341163,-0.7016547163846586
968,-0.6895898987156476,-0.705863223529738
969,-0.6136260901310647,-0.5526406694615464
970,-0.4145026793555608,-0.39305015318510655
971,-0.4400584512902785,-0.4260728747713898
972,-0.7161492072806066,-0.6162010625602135
973,-0.7183160083368421,-0.7106083969722252
974,-0.9720725897139152,-1.0015364857577276
975,-1.6498017311096191,-1.6207997319947443
976,-1.220748028002287,-1.1776612221382674
977,-0.7585989880183387,-0.6808629532647159
978,-1.5670063278891824,-1.4399389469553872
979,-0.6321209387345748,-0.5223793968766034
980,-0.5711185026538464,-0.5335573228026866
981,-0.6205446775569472,-0.6471431131234904
982,-1.3733911458836046,-1.326366010196081
983,-0.3917613137852062,-0.41137433921055
984,-0.5252477931976318,-0.5161106341496471
985,-0.9206524847089782,-0.844973419430098
986,-2.5753001996449063,-2.465148912655953
987,-0.7730583101511002,-0.6965249384749961
988,-0.7847098241480746,-0.7764798909570964
989,-0.8137377019322246,-0.8205807595562783
990,-1.5703488173692122,-1.57128150309974
991,-1.101572794298972,-1.1247935157686124
992,-0.634568578004837,-0.6682873916274199
993,-0.3472337046946127,-0.3275749149891274
994,-0.8777185179466425,-0.9030267557450642
995,-0.505164947360754,-0.5157228363138453
996,-0.9963217373042144,-0.9821370479033031
997,-0.4325999594474023,-0.40653681172890627
998,-0.650688061490655,-0.6616994843430037
999,-0.7432125187659449,-0.7418021591210879
1000,-0.8729116436122923,-0.9593457873934063
1001,-1.0476013997505451,-1.140558199068065
1002,-1.1930022905039233,-1.2697001277875164
1003,-1.169157734212949,-1.20680835641772
1004,-1.0126234644143155,-1.11010320467995
1005,-0.9657143123390138,-1.0583613401526846
1006,-0.7507740065108898,-0.8321062295693284
1007,-1.0337029214977294,-1.2547851319578929
1008,-1.4656717647877775,-1.546983917305999
1009,-1.1700796286265056,-1.2469686957098738
1010,-1.329750420511231,-1.3453984737864437
1011,-1.7441773283612596,-1.6820134218039662
1012,-2.2014594078063965,-2.5613209305743125
1013,-1.401905791681321,-1.510312978290775
1014,-0.8382302494936211,-0.8929159281029722
1015,-1.130844316445291,-1.1302025277669907
1016,-1.0648109349169472,-1.0721845395603438
1017,-1.1001358716062797,-1.151747582641033
1018,-1.119501928026362,-1.1329433160404445
1019,-1.178122034368589,-1.1797654031390197
1020,-1.078305863594824,-1.1760552430116178
1021,-1.0824789243151052,-1.1734689889553314
1022,-1.0074114134145338,-1.0867187810902459
1023,-1.2425535806389745,-1.2607778478515426
1024,-1.2429835066314816,-1.23505557193425
1025,-0.3773422078189686,-0.37547937084262484
1026,-1.0753494685934497,-1.0168525803375938
1027,-1.1679528295531754,-1.2317738121231396
1028,-1.0238837382590125,-1.0235331323514587
1029,-1.2335516999858294,-1.2541054210818108
1030,-1.350495550059533,-1.4844747535596028
1031,-1.3444466831148132,-1.3049107964590643
1032,-1.4653133477351463,-1.5327730322875053
1033,-0.888553122217341,-1.0062314834120853
1034,-1.0806526361509812,-1.160674038334372
1035,-1.0611573836600134,-1.1047639590363965
1036,-0.976416007677714,-1.1354115120552688
1037,-1.0589747364206832,-1.1424581601113344
1038,-0.8624238247095153,-0.9156519900823744
1039,-1.050167716750803,-1.1096819193258565
1040,-0.6555591858350314,-0.694865593747959
1041,-1.128871241281199,-1.2750690515442549
1042,-1.2376206263091214,-1.255860773036298
1043,-1.485949621644131,-1.521538462903059
1044,-1.0934787166211033,-1.2786448282989957
1045,-1.0070523919985277,-1.1606568181667107
1046,-1.0406378291723295,-1.1183173450503983
1047,-1.3600647920785949,-1.3742901107059742
1048,-1.0440998530203058,-1.1278983306140429
1049,-0.9520367809044298,-1.0864024447912952
1050,-1.185170481371325,-1.1401904746733575
1051,-1.3650824755661248,-1.4278246348753902
1052,-1.1685870359110275,-1.2775546819875503
1053,-1.4121539888455883,-1.3274116375396678
1054,-1.1186183838881265,-1.278047116806962
1055,-0.7911511983058249,-0.8886146410306355
1056,-1.1967180745546209,-1.2051027759856456
1057,-1.130149473515592,-1.0513189555774243
1058,-1.2957639195198236,-1.435759352184011
1059,-1.063521758530491,-1.1808924405407772
1060,-1.3895524037900822,-1.5383170569288638
1061,-1.2172784075256466,-1.2451416274204887
1062,-0.9556168918461764,-1.009507473315812
1063,-1.6060197242470675,-1.6733529553716924
1064,-1.1497110880338228,-1.2291854151167072
1065,-0.6850141730419425,-0.6513198095274059
1066,-1.2467785417571549,-1.3229689855042872
1067,-0.9419843864071276,-1.0807747568142418
1068,-1.0782545379890027,-1.09979955623751
1069,-0.9470364132592844,-1.0352901300468411
1070,-1.1287997184797776,-1.150426499135068
1071,-1.2544141961622608,-1.3073224271424881
1072,-1.1971360167791678,-1.191906143129955
1073,-1.032257547674253,-1.123750940327287
1074,-1.1729486515355665,-1.2397569660813788
1075,-0.9304535188506134,-1.0399423230225497
1076,-1.4995684642200322,-1.5529602409193892
1077,-1.0452976753545362,-1.156159007027547
1078,-1.1717684065648752,-1.201353677805959
1079,-1.1883602859610218,-1.1910510506574445
1080,-1.0746421046959338,-1.0533727072786265
1081,-0.9610044614289158,-0.9837196195221598
1082,-1.188248687012251,-1.2944977208985389
1083,-1.4345954379370047,-1.4176543756720215
1084,-0.6858218638402112,-0.7460703634836096
1085,-1.1895103981328563,-1.1804863530619598
1086,-0.9279391266578852,-0.9380412599008708
1087,-0.9526202937429266,-0.9369178042156211
1088,-1.0620268832805544,-1.0859065092323283
1089,-0.8952324806257735,-0.8985868571997995
1090,-1.0997724634732386,-1.0967136524761214
1091,-1.1897024221198504,-1.2351141256405003
1092,-0.9537948129713072,-0.9449764094165956
1093,-0.8475168499835702,-0.9035114558412544
1094,-0.6362343709680098,-0.6552961256751143
1095,-0.9796776050745056,-0.9513339575925566
1096,-0.941624865051388,-0.8324823813004367
1097,-0.9235171384589616,-0.9307924940352238
1098,-1.1709384317545928,-1.2628587491562777
1099,-1.0755123020142547,-1.1911578649708947
1100,-2.264296517652624,-1.868934849591603
1101,-1.0429864438005196,-0.8883608612073093
1102,-0.9199540956999904,-0.7991875151478183
1103,-1.210659035046895,-0.7943003182669678
1104,-1.226723181790319,-1.1852164932013411
1105,-0.7571783278339593,-0.6895616795326197
1106,-1.2281140137691886,-0.9751813126957631
1107,-1.0007354446159775,-0.8514351508256564
1108,-0.523889750473259,-0.45619135225416324
1109,-0.6247810213654129,-0.3161643003641188
1110,-0.8223000537781489,-0.590524022301696
1111,-0.9213286558787028,-0.8501051967554932
1112,-2.2014594078063965,-2.561281231036879
1113,-0.6900944524957228,-0.5255669361047721
1114,-0.586201436817646,-0.3576549640136123
1115,-1.4984002047114902,-1.133020691493612
1116,-0.8261053442955018,-0.7322080290169793
1117,-1.180161526036817,-1.0027583394207544
1118,-1.030184259359864,-0.8751669938751083
1119,-1.8248372728174385,-1.5893022127181833
1120,-1.0530720742849202,-0.929471182456391
1121,-0.6253242076829423,-0.3328663980973457
1122,-0.6554056217030781,-0.47329940960184325
1123,-0.8993121681287307,-0.6763611184827906
1124,-0.6719999119292858,-0.5950787595589072
1125,-0.448736217594886,-0.4428348668657528
1126,-0.5828956762949625,-0.4952501932291279
1127,-1.7862725983495298,-1.470551142889543
1128,-1.7088665735153925,-1.43739493257375
1129,-0.9477109931133412,-0.9373192721909912
1130,-0.5095089571550488,-0.4410560264024869
1131,-1.2399860355589123,-1.1181412032345797
1132,-0.998796658590436,-0.9436787071225736
1133,-0.5296855820342898,-0.4732407612308539
1134,-0.8727825344070907,-0.7104639361434393
1135,-0.7909065059913222,-0.6488734198345291
1136,-0.901978611946106,-0.7855160456477811
1137,-1.0113583886346151,-0.7907390640134467
1138,-0.5583724665829516,-0.5228303613179544
1139,-1.3131830553675807,-1.20290286187728
1140,-0.6492403397193321,-0.6923818851583227
1141,-0.4490744725678318,-0.2628698794906657
1142,-0.8966297234675681,-0.8816365760728786
1143,-1.2637635025867195,-1.1961011311102465
1144,-1.0156058017164469,-0.7609859701311035
1145,-0.8510706918314099,-0.6487634083117233
1146,-0.94922945983168,-0.5669893348631511
1147,-0.6106669597847517,-0.36992387637140134
1148,-1.1718892071928295,-1.1732021998385123
1149,-0.3950502890259472,-0.39641970899583484
1150,-0.6628141682595015,-0.508127967215707
1151,-1.3598435498023218,-1.274193774932617
1152,-0.7580774070680604,-0.7059561311997903
1153,-0.6185696550117906,-0.4654497638650392
1154,-0.9717469261959196,-0.9442731438868611
1155,-0.7524522959239899,-0.7317423663584456
1156,-0.9987960822822513,-0.7111864158302812
1157,-0.9402783684028212,-0.7460988477839244
1158,-0.8361045913770795,-0.7388719041824982
1159,-0.805342702070872,-0.8322992724668636
1160,-1.0482373422430469,-1.0236182355051788
1161,-0.8714124504476786,-0.6180745005435542
1162,-1.0110065326094628,-0.9302409900999946
1163,-0.8552277041599154,-0.7191923337282584
1164,-0.7597489971380967,-0.540194735551886
1165,-0.3938042139395689,-0.3030722611539618
1166,-0.6793868772743284,-0.620157462128422
1167,-0.7887245028517967,-0.4739243104530595
1168,-0.6959647568621377,-0.7009110412784796
1169,-0.6593695010325705,-0.44437665740293697
1170,-0.4940683841705322,-0.34306642036548224
1171,-0.4820095143576925,-0.3242409839955936
1172,-0.7994991613894092,-0.45857485627551586
1173,-0.6965849651023746,-0.6515285806075273
1174,-1.0133426094477156,-0.8895412192577977
1175,-1.749210144344129,-1.5973204223720727
1176,-1.3186761504725406,-1.1593871016254074
1177,-0.8070502962384906,-0.5635143263506481
1178,-1.71239993427739,-1.2316378647651127
1179,-0.6372576150027188,-0.4868302682854116
1180,-0.5969305186308631,-0.4041438942208665
1181,-0.6438334404036056,-0.6575539800028516
1182,-1.4783492189969203,-1.1707589494521184
1183,-0.4145912798968228,-0.4044500108943509
1184,-0.5164061307907104,-0.5484383956791655
1185,-0.9170958774034368,-0.6401314060247518
1186,-2.712629857517424,-2.4608538508189324
1187,-0.8167797457426786,-0.5197365183432973
1188,-0.810061634048935,-0.7172379171251283
1189,-0.8630312495275375,-0.7479064159199981
1190,-1.5648711971614673,-1.5112509071885925
1191,-1.1306172820829576,-1.0522908193074416
1192,-0.6789016038179397,-0.688808219808531
1193,-0.3221438090632281,-0.2738517190192991
1194,-0.855813511582308,-0.9093075608271346
1195,-0.5529063260182738,-0.45186445544532156
1196,-1.022249679232753,-0.9296018743505954
1197,-0.4541600730068,-0.3865751855821564
1198,-0.6866953773424029,-0.5851997517496959
1199,-0.7666679306547771,-0.6486430132943585
1200,-0.8746870349543964,-0.9593455964156645
1201,-1.063756155556646,-1.1405597139077055
1202,-1.2112078260081682,-1.2697008939417387
1203,-1.1895015637079875,-1.2068106939573187
1204,-1.0254481291586115,-1.1101057002513544
1205,-0.9816620858140694,-1.058362255126951
1206,-0.7717839969221012,-0.8321080769738656
1207,-1.0705577458522118,-1.2547853543742318
1208,-1.4758979063625484,-1.5469839656514297
1209,-1.2360849861026737,-1.2469713593395444
1210,-1.3941594389982002,-1.345400651446608
1211,-1.722683161169618,-1.6820123861221132
1212,-2.3857214961733137,-2.561328913031336
1213,-1.4691411501071492,-1.510315411725285
1214,-0.8450782086498053,-0.8929166510725295
1215,-1.1111071147024632,-1.130203011438691
1216,-1.08582804369372,-1.0721856425619554
1217,-1.1321522616600803,-1.15174825315589
1218,-1.176910027053005,-1.132945100397575
1219,-1.183549442956614,-1.1797653214421784
1220,-1.13433300524719,-1.176059550607737
1221,-1.1130652215129646,-1.1734708574191122
1222,-1.0629069435504055,-1.0867213337752877
1223,-1.2701577604279035,-1.2607780129178527
1224,-1.2551364159399223,-1.2350564735471905
1225,-0.3732185292447734,-0.3754802853517591
1226,-1.0515408580617387,-1.016851313545724
1227,-1.1989816963210589,-1.2317747612581844
1228,-1.0409786987674328,-1.0235353918175123
1229,-1.2957529236179914,-1.254110264048113
1230,-1.3754452198974847,-1.4844758129418478
1231,-1.3578999384429105,-1.304912781036958
1232,-1.4926920306774998,-1.5327738371019366
1233,-0.9381546003873958,-1.0062329070986162
1234,-1.0944290687871534,-1.1606754650771403
1235,-1.058977347011714,-1.1047644042965028
1236,-1.006803195675214,-1.1354142576097235
1237,-1.0678806998008905,-1.142459382676574
1238,-0.8492195097975028,-0.915651962262195
1239,-1.0505651651426804,-1.1096798647552686
1240,-0.6826233973869911,-0.6948664719771617
1241,-1.1816701639530272,-1.275071746925121
1242,-1.1865699762521789,-1.2558592471400067
1243,-1.4793465516363928,-1.5215379993038127
1244,-1.101327522780544,-1.2786455801289807
1245,-1.053671078164448,-1.1606592264449482
1246,-1.072180413824367,-1.118319979155385
1247,-1.3500983003498048,-1.3742897584131941
1248,-1.0519499159598535,-1.1278996594033133
1249,-0.997826097547546,-1.0864052811532567
1250,-1.1555670010027037,-1.140190858278295
1251,-1.3890472308609836,-1.4278271932317903
1252,-1.1804518588753634,-1.2775553428966449
1253,-1.3994634881500123,-1.3274103472605858
1254,-1.1058168836342273,-1.2780450331476862
1255,-0.8153111370959023,-0.8886160104620434
1256,-1.189412190008533,-1.2051026053231002
1257,-1.1349184319030408,-1.0513187471956273
1258,-1.3496503654376482,-1.4357627133550703
1259,-1.0812410467354827,-1.1808933202521297
1260,-1.3993862811909166,-1.5383172384223591
1261,-1.2497441861056542,-1.245143153113049
1262,-0.9701583182164863,-1.0095071763389116
1263,-1.6203619611355686,-1.6733541720305831
1264,-1.1664729604354271,-1.2291838770690282
1265,-0.7293604316637498,-0.6513223979560945
1266,-1.2794784187346466,-1.3229714894728455
1267,-0.9428217022917992,-1.0807750879317735
1268,-1.0911810823189196,-1.0997997869419995
1269,-0.9850193160448888,-1.0352930935507754
1270,-1.156207375748213,-1.1504276497317838
1271,-1.2544846007990282,-1.3073221289772619
1272,-1.1952144850132078,-1.1919069906735247
1273,-1.043291262878004,-1.1237525573435918
1274,-1.171326899713324,-1.2397576383757432
1275,-0.9568450471996206,-1.0399424432998037
1276,-1.5311961894811583,-1.5529620758038156
1277,-1.102701644564784,-1.1561620662318302
1278,-1.1431495570397192,-1.2013522208761171
1279,-1.2105010838831884,-1.1910517948292823
1280,-1.057773892269578,-1.053372702765554
1281,-0.9637272025263588,-0.9837211155658396
1282,-1.2211363315582275,-1.2944989867328727
1283,-1.41245998523032,-1.4176533195378642
1284,-0.722699669172179,-0.7460719297665902
1285,-1.1844734156778616,-1.1804860939794923
1286,-0.944785708604857,-0.9380426561937023
1287,-0.9279192334921784,-0.9369165234454954
1288,-1.0605086282242175,-1.085906793076118
1289,-0.8883137869280439,-0.8985868633275425
1290,-1.0819655167039974,-1.0967119526349554
1291,-1.1675319357435832,-1.2351135089514402
1292,-0.9340065579081692,-0.94497505123417
1293,-0.8570801389309787,-0.903512201462862
1294,-0.6583260886276825,-0.6552959579499936
1295,-0.9561363504838574,-0.9513323788925118
1296,-0.898163962733838,-0.8324804091086245
1297,-0.8928359654522682,-0.9307914567943463
1298,-1.2084682800973108,-1.2628599322356784
1299,-1.089915430823038,-1.1911582567687578
1300,-2.1811942984076107,-1.868935512952491
1301,-0.9904242855633876,-0.8883536564493238
1302,-0.8524231208387272,-0.7991859004955166
1303,-1.120371413230896,-0.7942921596357999
1304,-1.32857725949123,-1.1852251694951264
1305,-0.7483972024547961,-0.6895623699583728
1306,-1.2114519002486248,-0.9751808344541827
1307,-0.9417636135751888,-0.8514312621700719
1308,-0.5169465717419174,-0.45619007495627467
1309,-0.527640148445412,-0.31616294143876156
1310,-0.829934625398545,-0.5905250630463815
1311,-0.9718716621398926,-0.8501076280165165
1312,-2.3868199586868286,-2.561289359910016
1313,-0.6249427056127741,-0.5255639396200285
1314,-0.5390294892713428,-0.35765369239412625
1315,-1.472819358110428,-1.133023576822207
1316,-0.8229030738274257,-0.7322068804134221
1317,-1.1143377104470895,-1.0027549420976374
1318,-1.0404700712225905,-0.8751670659702389
1319,-1.7163898836482654,-1.5892906163568237
1320,-0.8777174009726598,-0.9294661219635706
1321,-0.4808074679485587,-0.3328607597628682
1322,-0.6610977475236102,-0.47329492003563667
1323,-0.8218958461007406,-0.6763572121043187
1324,-0.6375331176343815,-0.5950779645562282
1325,-0.4436949546947035,-0.4428355011550552
1326,-0.545447633247967,-0.4952472649892371
1327,-1.6829497503197712,-1.4705442562120146
1328,-1.6055841445922852,-1.4373933057254489
1329,-0.985803582050182,-0.937319449716845
1330,-0.4755514143034816,-0.4410528835679668
1331,-1.2615628242492676,-1.1181455640717441
1332,-0.9453999493271112,-0.9436751915784478
1333,-0.5114971175789833,-0.47323997711950727
1334,-0.7799449669298275,-0.7104597457183502
1335,-0.7542753737102184,-0.6488701672409786
1336,-0.9084543680602852,-0.7855164673404911
1337,-0.961120380911716,-0.790738843096361
1338,-0.5464227706428588,-0.5228295867933962
1339,-1.2885905042175174,-1.2029019107612553
1340,-0.6783809450956492,-0.6923827880118528
1341,-0.3847604306169258,-0.2628669647398956
1342,-0.8418406996616098,-0.8816342179847643
1343,-1.208993104077125,-1.1960996368594001
1344,-0.8928536828607321,-0.7609790139274207
1345,-0.8025754448026419,-0.648761998583974
1346,-0.8003650143526603,-0.5669845983553343
1347,-0.4966076316759568,-0.36991888842839005
1348,-1.2297830155917575,-1.1732092227324162
1349,-0.3516241561121015,-0.3964180359836129
1350,-0.6024823328480124,-0.5081269518694002
1351,-1.3336580363354942,-1.274192144763054
1352,-0.7264100821443307,-0.7059530060854755
1353,-0.5695597672647283,-0.465446407742897
1354,-0.9503016704693436,-0.9442716414889053
1355,-0.7885175640620883,-0.7317450308595006
1356,-0.9779906947483388,-0.7111850748544588
1357,-0.9052029450734456,-0.7460966926448986
1358,-0.7675427794456482,-0.7388658794654006
1359,-0.8242381662130356,-0.8323002833530083
1360,-1.019924959471059,-1.0236156488504866
1361,-0.8073696745559573,-0.6180711181020511
1362,-1.0005030050873756,-0.9302391552178512
1363,-0.8125996766611934,-0.7191903427543483
1364,-0.6667459955582252,-0.5401843563754867
1365,-0.3989267644719181,-0.3030726869207389
1366,-0.6696762567342713,-0.6201566967074961
1367,-0.722021409707476,-0.47392239180001383
1368,-0.6800009206283925,-0.7009094362579149
1369,-0.543698785841003,-0.4443713136554723
1370,-0.4399873680538601,-0.34306473170190016
1371,-0.4319407616474832,-0.3242385734341677
1372,-0.7272758544707785,-0.4585726226835802
1373,-0.6606109803542495,-0.6515280838903219
1374,-0.949781999123835,-0.8895397446327711
1375,-1.6770927341360795,-1.5973145106873092
1376,-1.3483023430171766,-1.1593887155891793
1377,-0.7527259872073219,-0.5635119832447661
1378,-1.523929404489922,-1.2316245965505541
1379,-0.6026970213109797,-0.48683095462067083
1380,-0.4990505719369696,-0.40413866703147705
1381,-0.6680956062420395,-0.657556088642991
1382,-1.3288364687631296,-1.17075205048369
1383,-0.3927133170041171,-0.40444967174711
1384,-0.5359325647354126,-0.5484399650311429
1385,-0.7780180106791414,-0.6401249377698497
1386,-2.5193315119970414,-2.460839318619195
1387,-0.7242798246443272,-0.5197335100752917
1388,-0.7673168357952621,-0.7172343926242614
1389,-0.7964829895474496,-0.7479049136724012
1390,-1.5594810247421265,-1.511245756297687
1391,-1.0865244557780604,-1.0522869158136765
1392,-0.6963237583637237,-0.6888093736599976
1393,-0.2993035297694169,-0.2738494434107466
1394,-0.870480035626611,-0.9093080159598411
1395,-0.505696127191186,-0.45186222766651474
1396,-1.0164590408635694,-0.9296011464800632
1397,-0.422853806222132,-0.38657337513430207
1398,-0.681361841969192,-0.585198895220931
1399,-0.7112726296565329,-0.6486395120961261
1400,-0.8090447039567223,-0.8002094817178349
1401,-0.9776592891791772,-0.9297275505244069
1402,-1.0450696067292562,-1.0465861477665308
1403,-1.1108510096867878,-1.0785193285879893
1404,-1.001809602559999,-0.9953439248300114
1405,-0.8609028546385062,-0.8589874007378535
1406,-0.6454750937084819,-0.6212240731364647
1407,-1.007471236147622,-0.9761485001979466
1408,-1.252843369809232,-1.2003694555023838
1409,-1.129135839698851,-1.1089230228083478
1410,-1.2183128992716472,-1.1519195357327936
1411,-1.596392824099614,-1.6437062444808679
1412,-1.9882653185299464,-1.9641883895466987
1413,-1.2752683885761948,-1.249163378984736
1414,-0.6526705276134402,-0.663938827360519
1415,-1.070359050296247,-1.0979861859355209
1416,-0.9747245524280757,-0.9870816596506715
1417,-1.0215017656947292,-1.0217253354013174
1418,-0.9045899690583696,-0.8786422142371809
1419,-1.0437358710192894,-1.0097125328304775
1420,-0.9141353886256848,-0.8705886112722734
1421,-0.8403007087781448,-0.8154423850074025
1422,-0.9200097645900046,-0.9092200883841791
1423,-1.1793206190878107,-1.1855703980244419
1424,-0.8956309889638147,-0.8393209033892554
1425,-0.3949628304212521,-0.40820292621380294
1426,-0.8374096534048864,-0.8011035803584419
1427,-1.1377997084181437,-1.0886482710243488
1428,-0.9030850654424624,-0.8887835226338023
1429,-1.0491753724194313,-1.0376947107304837
1430,-1.2631176747092905,-1.222234609841837
1431,-1.1383189619049543,-1.0942370831660941
1432,-1.3181388433589492,-1.3431735547026427
1433,-0.8058458002962807,-0.8307005550452372
1434,-0.91854409931242,-0.9188078955700604
1435,-0.9497335465379464,-0.9136052048908753
1436,-0.8557896812756857,-0.850546126372184
1437,-1.0495681300643802,-1.101922417904085
1438,-0.8403278422910113,-0.8134223429226745
1439,-0.8736515035924985,-0.9041704947371035
1440,-0.640974614253411,-0.6508017863639743
1441,-0.84885812082956,-0.8255747428710033
1442,-1.0553859573926112,-1.0559817075672648
1443,-1.3021694745204246,-1.2347782486169199
1444,-1.034847342690756,-0.9972616831561859
1445,-0.9171719440194064,-0.842769165998883
1446,-0.8944151485998799,-0.8384910168047425
1447,-1.258448407631512,-1.1943687376983574
1448,-0.8559919725092806,-0.8783182211573521
1449,-0.9327722353528636,-0.9412381387807216
1450,-0.9421844011129334,-0.9191477843377283
1451,-1.2238042872081432,-1.1936226430781514
1452,-1.070772790169531,-1.0610488794842667
1453,-1.2979310861853666,-1.29173920473606
1454,-1.0038133785706158,-0.9715932845839976
1455,-0.6639065724010615,-0.6531408326500825
1456,-1.0077683574469514,-0.9877990726343899
1457,-0.9582307015278544,-0.9066769759492354
1458,-1.2099609245625578,-1.1697147906240326
1459,-0.9527037956917932,-0.9718749455580703
1460,-1.249755902807842,-1.259741121461544
1461,-1.0701919101005375,-1.0329085227797463
1462,-0.9689966588057288,-0.9189280784908201
1463,-1.5339552589165149,-1.4781278850462714
1464,-0.9742787764622616,-1.0072527761468624
1465,-0.5284738272659538,-0.5114528788083179
1466,-1.107319252435551,-1.1106783341856998
1467,-0.7864396701487459,-0.7529393441696686
1468,-0.863435568735581,-0.8742420294041734
1469,-0.8159035693767459,-0.7729753711179127
1470,-1.082248569458954,-1.0753618581995907
1471,-1.1673119289930476,-1.1279252469567158
1472,-1.0119211211685062,-0.9949080939368006
1473,-0.8729632390561954,-0.8526126228929687
1474,-1.0747038606525392,-1.122938544148283
1475,-0.8411484408167611,-0.8324651725025196
1476,-1.3800681875657663,-1.3645485690347674
1477,-0.9617955324261688,-0.9612384636521029
1478,-1.038977068524028,-1.0587667722404999
1479,-1.0847466638532737,-1.0694897089645479
1480,-0.8981130104656367,-0.8513396880966535
1481,-0.8767383264940839,-0.8517509357665742
1482,-1.1185126230698224,-1.0673415027721567
1483,-1.31480209494746,-1.2665752823678043
1484,-0.6639838196196646,-0.6873052600932239
1485,-0.9980576897776404,-0.9726132954959649
1486,-0.7772516705269037,-0.7515865850481217
1487,-0.7953105813773104,-0.7915180129579028
1488,-0.9490133588628252,-0.9383606582637927
1489,-0.744097631107005,-0.7890743318763132
1490,-1.023523816766665,-1.023036373588809
1491,-1.0880337620890417,-1.0902527296908033
1492,-0.8189422326494556,-0.8406032790843035
1493,-0.65472435674002,-0.648394070671903
1494,-0.604233482215978,-0.6381293504318641
1495,-0.7786967273830443,-0.7395332494831446
1496,-0.6497552145359128,-0.6435406617736525
1497,-0.6707181477731512,-0.653709467266862
1498,-1.0566698054010557,-1.050120688532938
1499,-1.0060118667839109,-0.9949709119156197
1500,-2.414883305044736,-2.5829601490582377
1501,-1.086328571156938,-1.2874463592627086
1502,-1.0215770708498104,-1.115892412697372
1503,-1.190101361274719,-1.5100283765920386
1504,-1.2627043559633453,-1.213266451067186
1505,-0.7815232406290926,-0.8039322374813918
1506,-1.1723687308175224,-1.2130440508922642
1507,-0.9818029440650644,-1.006625060702498
1508,-0.5685290782026542,-0.6593387124736401
1509,-0.5599943384712125,-0.6274251779642853
1510,-0.8174914291926793,-0.8608844876599989
1511,-0.9550053755442302,-1.0505181631945857
1512,-1.9882510474749973,-1.9641871153152022
1513,-0.8127349032912143,-0.9010925758892927
1514,-0.6759914038702846,-0.833942985157118
1515,-1.3577523860666487,-1.4604464583366625
1516,-0.902436125278473,-0.959599201617147
1517,-1.1762918021327766,-1.2460598706975168
1518,-1.1113409694583936,-1.2467844914016295
1519,-2.087349246848713,-2.392943549367091
1520,-1.3241053315309377,-1.3367041758293494
1521,-0.6196646311486415,-0.6805076462523435
1522,-0.7493990427110253,-0.9407403220043592
1523,-0.8461197817972465,-1.1036146587031175
1524,-1.016581279362819,-1.2005045722416128
1525,-0.4687183466992637,-0.48433882320913807
1526,-0.594323200772899,-0.6860123662220623
1527,-1.8600396591684087,-2.238483793472388
1528,-1.7216479040327526,-1.8436706282921458
1529,-1.175851347269835,-1.285101990345279
1530,-0.6203709188848734,-0.7944121311528095
1531,-1.3443674467228075,-1.373821225375233
1532,-1.0885284766554832,-1.213725786475969
1533,-0.6073279213160276,-0.624208171522979
1534,-0.923865420873775,-1.078873664859987
1535,-0.6985380788182103,-0.7662097213454747
1536,-0.8881154439666055,-0.9773092642328498
1537,-1.0431591595790184,-1.2505170834098018
1538,-0.6492527009933953,-0.7255205732727046
1539,-1.415808027104814,-1.4922464376647449
1540,-0.6399855292760409,-0.6513089968524863
1541,-0.468125675999841,-0.5967094193755345
1542,-1.1812675535216812,-1.3029962775490336
1543,-1.3410900683366052,-1.3946989958535994
1544,-1.1169314188882709,-1.3127689697395735
1545,-0.8494886010885239,-0.8599441281596093
1546,-0.9067467641139376,-1.1070274376024214
1547,-0.5737526546152987,-0.7327191646482544
1548,-1.0344361322266715,-1.0407179975043075
1549,-0.425019440366261,-0.42173230259443134
1550,-0.7245668740943074,-0.8339084581542152
1551,-1.4098052488741024,-1.5706515878960365
1552,-0.8457349926926369,-0.9613641993849406
1553,-0.667302690735159,-0.7948298312762578
1554,-1.0056799920275807,-1.0684893651423952
1555,-0.6938395083896698,-0.6535064375354963
1556,-0.9679136562717052,-1.076500859457839
1557,-0.9390595245730968,-1.0045782343444785
1558,-0.9892878727987408,-1.1025446717557688
1559,-0.7803820957740147,-0.7955122745786687
1560,-1.1539584915767345,-1.1705236945650002
1561,-0.970807122066617,-1.1034034689295806
1562,-1.0550540447235108,-1.1929004563339296
1563,-0.94683429133147,-1.0066105701295192
1564,-0.7628584953454824,-0.9078039653239287
1565,-0.3755447640378251,-0.44573517186754247
1566,-0.6886029955028563,-0.736156641109873
1567,-0.8237641255060831,-1.0159506248310057
1568,-0.7231741894123166,-0.7581049677531069
1569,-0.8027417742928793,-0.8527695998878712
1570,-0.513108870339772,-0.5894549524246733
1571,-0.599842906922333,-0.7214059374197093
1572,-0.7042528561183384,-0.8260146921090497
1573,-0.857770430855453,-0.91448506299322
1574,-1.096512153085354,-1.159324911305108
1575,-1.716955956659819,-1.8704954219399503
1576,-1.4319304842697946,-1.4684051257169575
1577,-0.7561040492284865,-0.8225321316920815
1578,-1.95276022679878,-2.266144010815505
1579,-0.6015117233449763,-0.6067711031206567
1580,-0.628443811290948,-0.6780081533193006
1581,-0.5929463113001151,-0.6152353976753321
1582,-1.5170613176138823,-1.689451054200931
1583,-0.4352468598972667,-0.4674910093341099
1584,-0.5349667008717854,-0.5272144413156703
1585,-0.9532078827998436,-1.0315421190017569
1586,-2.993708196140471,-3.296593546495473
1587,-0.8842183155938983,-0.965160163654979
1588,-0.8280940083570258,-0.9068595430885564
1589,-0.8219562429900563,-0.9810115906997684
1590,-1.9756238564201023,-2.317058709188826
1591,-1.2974810004234314,-1.5917661432334729
1592,-0.7067393153905869,-0.6948652477621426
1593,-0.4615223210627638,-0.5012639128806786
1594,-0.8355748625688775,-0.9111625198212867
1595,-0.6438142005354166,-0.7563045593289035
1596,-0.9924207094103792,-1.0830438567239593
1597,-0.4747145046559415,-0.4920203769329107
1598,-0.6936036953702569,-0.7962194167457076
1599,-0.8320131200228551,-0.9551646002195784
1600,-0.8354114035303278,-0.9593477685374151
1601,-1.032616423121814,-1.1405598681628064
1602,-1.1605076641999474,-1.2696971795474672
1603,-1.215037402256515,-1.2068107051179873
1604,-1.044701516166214,-1.1101075420484983
1605,-0.9272581366605536,-1.0583597356246883
1606,-0.6882440258366193,-0.8321052338006908
1607,-1.022895894309347,-1.2547828779663779
1608,-1.42673804686051,-1.5469816923340116
1609,-1.1066341991572417,-1.2469653760664365
1610,-1.3751702853875567,-1.3454008605012142
1611,-1.7850402777011578,-1.6820171111658855
1612,-2.2854726995740617,-2.561330589326848
1613,-1.3778212871707851,-1.5103079374088393
1614,-0.769874981207441,-0.8929117119074823
1615,-1.0751150604337454,-1.1301992811702386
1616,-1.054395644239677,-1.0721839164991087
1617,-1.0909422321837077,-1.151743079208479
1618,-1.0852687090866326,-1.1329397193731947
1619,-1.1958880008653152,-1.179766462208666
1620,-0.9975023186484048,-1.1760459408127844
1621,-1.0316129211307496,-1.1734611708258498
1622,-0.9641365099322888,-1.0867168799005227
1623,-1.3037713267082391,-1.2607769851442368
1624,-1.1710239020428916,-1.2350458165409561
1625,-0.38680985238817,-0.3754808271935479
1626,-0.9639353613520778,-1.0168450595650547
1627,-1.219613334929296,-1.231778285675481
1628,-0.9982029569241428,-1.0235307692585163
1629,-1.1848018982613733,-1.2541015083112872
1630,-1.35630483220714,-1.4844736595668802
1631,-1.2508859153865843,-1.3049030186197756
1632,-1.4581682728242504,-1.5327726257127694
1633,-0.8727664513181347,-1.0062286467803498
1634,-1.0188207164291263,-1.1606711377970749
1635,-1.0096728884896566,-1.1047609328001389
1636,-0.9363413701454798,-1.135410341245316
1637,-1.0543616427931677,-1.142461728659132
1638,-0.8831047651379608,-0.9156550610913153
1639,-0.995581219362658,-1.1096806499605154
1640,-0.6449719933363107,-0.6948657340623149
1641,-1.0810876872188362,-1.2750622099158717
1642,-1.103151941484259,-1.2558533315767206
1643,-1.414420479951903,-1.5215327506165028
1644,-1.039906987848208,-1.2786394693574838
1645,-1.0073125953822173,-1.1606589055188945
1646,-1.042820436747994,-1.1183154619068163
1647,-1.3303368886311848,-1.3742832414754171
1648,-1.010483184526133,-1.1278995494215058
1649,-0.9523763970811238,-1.0864038418644486
1650,-1.0916744951129884,-1.1401829429020958
1651,-1.3068384763806364,-1.4278208341597174
1652,-1.1248972702396007,-1.2775525143194244
1653,-1.33569523530413,-1.3274058791831445
1654,-1.102315533068753,-1.2780453550761781
1655,-0.7941794802052106,-0.8886167394372858
1656,-1.1423272679942522,-1.2051012712371374
1657,-1.0651816416156383,-1.05131513498338
1658,-1.2881459681562677,-1.4357558843434228
1659,-1.046152070511219,-1.1808921335511942
1660,-1.3481834378353386,-1.5383177233531078
1661,-1.142643966416056,-1.245137120712427
1662,-0.977764178616132,-1.0095092994566515
1663,-1.5401152058165202,-1.67334861773346
1664,-1.1224751765911396,-1.2291812630317696
1665,-0.653283812278925,-0.651318252745844
1666,-1.2367211875989454,-1.3229704156011646
1667,-0.8912944479506145,-1.080773075719633
1668,-1.0157364033913427,-1.0997978533787298
1669,-0.8665627268857734,-1.0352852060230788
1670,-1.0992809219877848,-1.1504257007173861
1671,-1.223555561183959,-1.3073155729011634
1672,-1.1375985154809878,-1.191904228030503
1673,-0.9828777054483576,-1.1237460634350165
1674,-1.1396979463192844,-1.239755463311682
1675,-0.8661188161478633,-1.0399448180014854
1676,-1.4630452431449594,-1.5529598478637237
1677,-0.9909654051758522,-1.1561587753004268
1678,-1.0618852201358293,-1.2013500771516783
1679,-1.1340432490332653,-1.1910499888380197
1680,-1.0143860356752263,-1.0533680674205128
1681,-0.9352786023487416,-0.9837189904860926
1682,-1.1496416006901466,-1.2944951577660682
1683,-1.39262765692186,-1.4176516813884572
1684,-0.699423778731868,-0.7460712831219677
1685,-1.1147887910059255,-1.180482306447253
1686,-0.8769672591556874,-0.9380385948954507
1687,-0.911113137422606,-0.9369149411135261
1688,-1.030299006506454,-1.085904360107164
1689,-0.8609641707220743,-0.8985875840137307
1690,-1.0518940604010294,-1.096710632076059
1691,-1.1467659381008888,-1.2351088919650088
1692,-0.9271875629129336,-0.94497334555324
1693,-0.749335572701092,-0.9035045589888284
1694,-0.6574891398224649,-0.6552963445475478
1695,-0.9098632012226784,-0.9513269126096554
1696,-0.765452967133633,-0.8324713307212589
1697,-0.8075668959654578,-0.9307864769511588
1698,-1.1431555156559907,-1.2628539795364173
1699,-1.0196005641952042,-1.1911576199645284
1700,-2.1304072001401115,-1.8689314289826742
1701,-1.0090903819993484,-0.8883562441247044
1702,-0.938856318939564,-0.7991906515084048
1703,-1.024330194791158,-0.7942866027263324
1704,-1.2857116789653384,-1.1852286454986198
1705,-0.7494334943534792,-0.6895644249761301
1706,-1.1229786021368844,-0.9751782149356838
1707,-0.8997895024543585,-0.8514262694206786
1708,-0.5231687708418499,-0.45619132030669024
1709,-0.5204479120395802,-0.31616268527092173
1710,-0.7301398186456589,-0.5905207284412256
1711,-0.9456503510475158,-0.8501170744818368
1712,-2.2854726995740617,-2.561290857063065
1713,-0.6673567516859188,-0.5255663959126676
1714,-0.5399278262630105,-0.3576530533896344
1715,-1.500247574514813,-1.1330132839669897
1716,-0.8133899639050166,-0.7322083668263554
1717,-1.1135537448779558,-1.0027542155584948
1718,-0.9658519303661652,-0.8751632585983947
1719,-1.849976116960699,-1.5893048285272227
1720,-1.116335378243373,-0.9294784079906475
1721,-0.4954934554506642,-0.33286086272810506
1722,-0.624442466875402,-0.47329890687099263
1723,-0.8420588461927665,-0.67635731329705
1724,-0.7123312062995378,-0.5950831286313095
1725,-0.4573530439258546,-0.4428363196926946
1726,-0.5736232617104701,-0.49524988021687477
1727,-1.701021495072738,-1.4705526592792977
1728,-1.7248936323892503,-1.437406185597251
1729,-0.9957104921340942,-0.9373168067790497
1730,-0.5181398522108793,-0.4410542768732666
1731,-1.4715123618090595,-1.1181528720462248
1732,-1.0045720469206572,-0.9436799121048178
1733,-0.5530135706067085,-0.47324371196934245
1734,-0.8640879910121593,-0.7104649223441697
1735,-0.7507135951241781,-0.648867720392201
1736,-0.8664070096882907,-0.7855139654511413
1737,-0.9165535222652348,-0.7907337773686872
1738,-0.5468063316945955,-0.522830431325844
1739,-1.275185272675152,-1.2029007091880866
1740,-0.6417004310167753,-0.6923822075324498
1741,-0.4196496878483499,-0.26286779633534213
1742,-0.9031555597172228,-0.8816400284936438
1743,-1.264595400455386,-1.1960997519964174
1744,-0.9773504063487052,-0.7609829572016346
1745,-0.8667860068380833,-0.6487646939939042
1746,-0.9155032410137895,-0.5669919670037367
1747,-0.5078693314116131,-0.36991999863200836
1748,-1.1717355932508196,-1.1732166055023185
1749,-0.4163700964913439,-0.39642285162719165
1750,-0.6670018909499049,-0.5081292564079051
1751,-1.277512196422547,-1.2741857023695313
1752,-0.7418778044308802,-0.7059530335573696
1753,-0.572927386261696,-0.4654492413922535
1754,-0.98044338170439,-0.9442722593228025
1755,-0.7796084767296201,-0.7317466492040456
1756,-0.9241795484409776,-0.7111819927473688
1757,-0.9031729799832484,-0.746096593744526
1758,-0.8397082304582,-0.7388728695979133
1759,-0.7877230395873388,-0.8322992467167162
1760,-1.0915713716847029,-1.023623364413746
1761,-0.8200138965621591,-0.6180741439709038
1762,-1.0321368396282196,-0.9302457388083343
1763,-0.813087104819715,-0.7191889932328688
1764,-0.710870272379655,-0.5401860330772225
1765,-0.410698196826837,-0.3030736129687063
1766,-0.6372322093608768,-0.6201545155568898
1767,-0.6651003850522892,-0.47391793608082766
1768,-0.7008024759070818,-0.7009100070288351
1769,-0.6564871581025826,-0.4443759904084265
1770,-0.4275859868715679,-0.3430654035426527
1771,-0.4577454310054927,-0.3242385682667162
1772,-0.6375282370314306,-0.4585639750610506
1773,-0.7141552167013288,-0.6515298253404341
1774,-0.994512945149852,-0.889541857176753
1775,-1.6378215300409418,-1.5973271445605832
1776,-1.2563828945159912,-1.159391363870097
1777,-0.7362184505614023,-0.5635147311438632
1778,-1.6537669897079468,-1.2316396944044392
1779,-0.5334151441400702,-0.4868346461757312
1780,-0.5162518856137298,-0.40414062008078905
1781,-0.6215501681778782,-0.6575535303290087
1782,-1.3953904883806096,-1.170755664261956
1783,-0.485989178310741,-0.4044532945620041
1784,-0.5369292275110881,-0.5484416127517708
1785,-0.8481458693511726,-0.6401257712784258
1786,-2.5579708360490345,-2.4608388272214197
1787,-0.779115466400981,-0.5197332225438436
1788,-0.7951099660045416,-0.7172385433763586
1789,-0.8090624820201768,-0.7479078953171995
1790,-1.7463864658189856,-1.5112640804007111
1791,-1.213621658663596,-1.0522986110373005
1792,-0.6993980467319488,-0.6888074343295346
1793,-0.357334087214132,-0.27385360780521556
1794,-0.8556507021881813,-0.9093104276142775
1795,-0.5739998146891594,-0.45186980618094974
1796,-0.989873354749162,-0.9296026847691219
1797,-0.4290186767430268,-0.38657603682446173
1798,-0.6688541378825903,-0.585198494711356
1799,-0.7292322807533796,-0.6486437179287058
1800,-0.8509966541630353,-0.858553891417679
1801,-1.1521777109853153,-1.1344384860990515
1802,-1.1763331197028937,-1.1869732320130897
1803,-1.1284896421802135,-1.1932855518415761
1804,-0.9913527133852936,-1.0382689395183844
1805,-0.9676431020100912,-0.9683202610770116
1806,-0.7504581314648768,-0.712074773074323
1807,-1.1059264027795126,-0.9992850000002982
1808,-1.4883635561595592,-1.4097010349931454
1809,-1.178365519804548,-1.149682855941165
1810,-1.2265233512996705,-1.1727289745433171
1811,-1.0004293420812589,-1.071242977671129
1812,-2.389768276895796,-2.4202817744312313
1813,-1.3588594657475832,-1.447060621893385
1814,-0.7950679535089538,-0.8226630421411559
1815,-1.072144828736782,-1.1191814629250136
1816,-1.0676140951555828,-1.092925857692663
1817,-1.1103586559147798,-1.0835398752752794
1818,-1.068771478741668,-1.0217994925940737
1819,-1.1279023303542026,-1.1468267702334354
1820,-1.074241274087004,-1.0105582435785245
1821,-0.9600804924040802,-0.9400290350066669
1822,-0.9009003251097925,-0.8453482405188556
1823,-1.1263036903484849,-1.2257466370219354
1824,-1.0260906838631445,-0.9249418347707195
1825,-0.3690061477514413,-0.38202000107693007
1826,-0.9214177353437556,-0.9429339524007662
1827,-1.1664440151332884,-1.101134173049491
1828,-1.0125805148782656,-0.9890743426169791
1829,-1.1800663332606471,-1.2297302376671266
1830,-1.3750356454257815,-1.3396395800179568
1831,-1.2574556677840476,-1.2032016535944348
1832,-1.4381315902222034,-1.4392806920554702
1833,-0.8659252427345099,-0.8188842244125375
1834,-1.0706890710564547,-1.0708079892648281
1835,-1.0565969140030618,-0.9908815973897852
1836,-0.974459261695544,-0.9600087808891964
1837,-1.157391445581303,-1.1823556429960906
1838,-0.90940420017686,-0.9206062132158661
1839,-0.9685065931127976,-0.9807290765285885
1840,-0.6844216420100285,-0.677569298368645
1841,-1.103805885758511,-1.0244510304067385
1842,-1.1082324963207393,-1.0962882659743813
1843,-1.3952759217846302,-1.284639692724568
1844,-1.112179348635119,-1.0444141552477524
1845,-0.999170939127604,-0.9363220939032264
1846,-0.908761947173772,-0.8252051255420801
1847,-1.337769584138264,-1.29643796317552
1848,-1.0021668783454007,-1.0064136534651316
1849,-0.9596834533898404,-0.9242603519124637
1850,-1.0827429738155632,-1.05035504477784
1851,-1.252617366554201,-1.2716842377777666
1852,-1.17869032723035,-1.1978895673106549
1853,-1.3365711398827014,-1.311613939743069
1854,-1.221750426662061,-1.2477513956182635
1855,-0.7865799425184264,-0.7423852861512366
1856,-1.1045915692351584,-1.0707343921794426
1857,-0.9085113549417304,-0.8999977815585006
1858,-1.2613672877466957,-1.1793490293496653
1859,-1.1194899895394494,-1.0965648006295798
1860,-1.254344338594481,-1.2534238257281258
1861,-1.1139126979103384,-1.15208600190789
1862,-0.983010819716047,-1.0141752287502568
1863,-1.5501776628716046,-1.5028653732263668
1864,-1.1701780328383813,-1.2866367822378089
1865,-0.658257150834845,-0.6700208665465502
1866,-1.2459497359371925,-1.2354594585713559
1867,-0.9553000335545504,-0.98544477775794
1868,-0.9649173511091128,-0.9540753662472045
1869,-1.0236299712528554,-0.9767893021374183
1870,-1.111431406449902,-1.1379676989213394
1871,-1.2493109619894691,-1.2012534279227427
1872,-1.085411226102548,-1.1028581718828045
1873,-0.9964673842570578,-0.9800047875769922
1874,-1.0910340880238734,-1.1321014785909465
1875,-0.927310161885962,-0.9101438191319463
1876,-1.3790996194809906,-1.364282625212721
1877,-1.0282411057819691,-1.028047152669538
1878,-1.0963096821955007,-1.155809905741511
1879,-1.015276102696435,-0.9957073969188901
1880,-1.0503081924231477,-1.0276272748870934
1881,-0.9424511064854704,-0.9227613656987108
1882,-1.198995405389357,-1.1923874081932588
1883,-1.4175720787787622,-1.4192934738930658
1884,-0.705808366244694,-0.6752755078009353
1885,-1.1380755725757097,-1.1384905883197893
1886,-0.899753355240637,-0.8895211181276865
1887,-0.8981803849686024,-0.9342047134505723
1888,-1.0066611803779306,-1.030371081736095
1889,-0.7821555239285609,-0.8828023419944314
1890,-1.0022299603898397,-1.060070340185241
1891,-1.1821797319160876,-1.2483786275403301
1892,-0.820152856582819,-0.9052151468448764
1893,-0.7810006474339685,-0.7874837420180463
1894,-0.6175685200510146,-0.6710943241813471
1895,-0.8745072091272635,-0.7539821097561881
1896,-0.7313268046046413,-0.7162173400382297
1897,-0.7647369065025981,-0.8082896882119583
1898,-1.2078611970871918,-1.1477757686411605
1899,-1.1090459731198097,-1.1245069976484856
1900,-1.978916511816137,-1.967601263669218
1901,-0.9551930547684662,-1.1215324882779354
1902,-0.8736212244329526,-0.9546251619166308
1903,-0.9321433968014188,-1.1950483549957727
1904,-1.18828232123934,-1.209278530027554
1905,-0.7497362489848174,-0.7574106808670683
1906,-1.0493210821735617,-1.0324754698654295
1907,-0.929251791894898,-0.9564693245652875
1908,-0.5196340065593867,-0.5388423726830285
1909,-0.3788109958907704,-0.39025322678291785
1910,-0.6711723293576922,-0.6855600346156425
1911,-0.9445175528526306,-0.882310054982114
1912,-2.389768276895796,-2.4204157058180553
1913,-0.7059688900792321,-0.8026614310595329
1914,-0.4119738554582,-0.45788985102082586
1915,-1.3047607243061066,-1.3843498271639874
1916,-0.7612230608860652,-0.8036061609965505
1917,-1.0403357614842497,-1.1333772089393601
1918,-0.9299387575566084,-1.0887103944002905
1919,-1.7010599320585078,-1.9910708016393939
1920,-1.0525967157804048,-1.1490920195352559
1921,-0.4211051371670508,-0.5956773582382854
1922,-0.6314368218910403,-0.8323017151241388
1923,-0.693167108898015,-0.9823816391489288
1924,-0.6694735935492109,-0.8468095926034716
1925,-0.4438423851663752,-0.45702848430295323
1926,-0.5486318011616551,-0.646510207207404
1927,-1.6309343991072285,-1.9848527541880403
1928,-1.4572502715247018,-1.5804602736924143
1929,-1.057987076264841,-1.0298643989879068
1930,-0.4790240125730634,-0.5988500751261789
1931,-1.3514309724171956,-1.2175385967092982
1932,-0.9986182721331716,-1.109718387274132
1933,-0.497030752710998,-0.5613837776873318
1934,-0.7653675680012666,-0.9986940376891453
1935,-0.7145233791927958,-0.7443777387948853
1936,-0.7902372980659659,-0.8479370301505754
1937,-0.8892298437828241,-1.1301680550492974
1938,-0.5327614339317862,-0.5955937665086641
1939,-1.2250287551288457,-1.3026776426520645
1940,-0.6797873891316928,-0.6741641576968609
1941,-0.3420655579529991,-0.472461835606452
1942,-0.9156172903933266,-1.038392515383725
1943,-1.2735062440236409,-1.2929728333975328
1944,-0.8707591714337468,-0.980189994434571
1945,-0.7735423287376761,-0.8116998186191006
1946,-0.71119365139284,-0.7969846423812467
1947,-0.4667318504910136,-0.6222142542319072
1948,-1.263159351689475,-1.1518676576404814
1949,-0.3770463395474562,-0.3762216417358049
1950,-0.5614692727103829,-0.6145777392501056
1951,-1.3335519557775453,-1.5701045570582186
1952,-0.7434549904608911,-0.8103046844765118
1953,-0.5568783338679824,-0.6613288175119801
1954,-0.96626397036016,-0.9911572223722346
1955,-0.7496410021706233,-0.6233414669898808
1956,-0.732766213343125,-0.7769007051260599
1957,-0.8230935381364453,-0.9053432075557855
1958,-0.7662841165438294,-0.826288080677634
1959,-0.8188124656677246,-0.8142612418517846
1960,-1.056801010471906,-1.1656834610776314
1961,-0.7530046412721276,-0.9839934354242889
1962,-1.010623137652874,-1.054509761870698
1963,-0.7393283890560269,-0.8441721511659622
1964,-0.5856503990980295,-0.7452525240041211
1965,-0.3692506164567083,-0.3743954688520106
1966,-0.6596753310787585,-0.6827534411096323
1967,-0.6546232820481293,-0.9179716665034666
1968,-0.7012820465620174,-0.7164657133275982
1969,-0.5400690893794216,-0.6240610414917003
1970,-0.3457315289784992,-0.358763037505824
1971,-0.4389446770497995,-0.49988844688978107
1972,-0.5434412542654543,-0.6471012594443262
1973,-0.6640652576461434,-0.7015015564240472
1974,-0.9624069686484548,-1.0458910659910912
1975,-1.6902130214791549,-1.5388195835044092
1976,-1.1688972460596183,-1.159169259135898
1977,-0.674479675671411,-0.8695888718242963
1978,-1.5645893089699023,-1.6445964735072662
1979,-0.5906765265898271,-0.522040877126301
1980,-0.4598046227018962,-0.5596649039183312
1981,-0.6356703809989516,-0.6503062118215883
1982,-1.3220988576726396,-1.5740560587139645
1983,-0.3644100384278731,-0.43237600819962924
1984,-0.5635198656717936,-0.5229219436791224
1985,-0.7361090599104415,-0.9042394169373804
1986,-2.3855611937386647,-2.7286570272796657
1987,-0.6630377806723118,-0.729237764045977
1988,-0.7651607093884963,-0.8365921964518122
1989,-0.7240472233623539,-0.8676227589700201
1990,-1.607675288034522,-1.7235941097913363
1991,-1.140658457433024,-1.2061497050739465
1992,-0.7615830957889557,-0.7314459686336894
1993,-0.3204637878523098,-0.3333756159577278
1994,-0.8199175429898639,-0.8672793129940098
1995,-0.5197015851736069,-0.5870184850771467
1996,-0.9658099542292512,-0.9723250281378368
1997,-0.4065638762111812,-0.4867397051191524
1998,-0.6211780188605189,-0.6755340366852448
1999,-0.6852022141449211,-0.8423969979974469
2000,-0.8478787157886712,-0.8864426641110524
2001,-1.106468511038813,-1.11835032588164
2002,-1.163742985836295,-1.2145628571508786
2003,-1.20396695765414,-1.2044476464978893
2004,-1.0412195024564284,-1.0741818272054573
2005,-0.9788819856421892,-1.0213183055801827
2006,-0.73795224160187,-0.7679620289816986
2007,-1.1218319401260497,-1.2103716091875554
2008,-1.4747131896573444,-1.4895157838380677
2009,-1.1339403732802518,-1.178515716029017
2010,-1.2980919845344483,-1.3167205054131719
2011,-1.6677200899019349,-1.6911524217190572
2012,-2.080400007111685,-2.3239494339253555
2013,-1.4156990793884778,-1.4731298734811786
2014,-0.8252962568933649,-0.8758354196128673
2015,-1.0888949651271105,-1.1209930235079917
2016,-1.0560650150905284,-1.0738078243242444
2017,-1.1228961935339048,-1.1664987043703743
2018,-1.043583587158558,-1.0813658699043323
2019,-1.1395996439364529,-1.1663210802427941
2020,-1.0780436114747396,-1.1056892173276878
2021,-1.0256143595821174,-1.098525431867225
2022,-0.9962265768716502,-1.0547746539715463
2023,-1.3059914139814155,-1.2783514439748975
2024,-1.2039382587107577,-1.2391846763451575
2025,-0.3677012981512608,-0.3728188626151777
2026,-1.0827968822893246,-1.0691001770149269
2027,-1.1768896783045095,-1.2074852657321675
2028,-0.9932485255160072,-1.0197816987854162
2029,-1.2333870756533718,-1.2634482025153781
2030,-1.3586238585701285,-1.4231197482460165
2031,-1.3052390869273696,-1.3005132186515898
2032,-1.4682166363841804,-1.525201245933177
2033,-0.9301023307696792,-0.9872846168010818
2034,-1.0819449822107952,-1.131976591212685
2035,-1.0606454019398652,-1.1066262976974033
2036,-0.9574075371026992,-1.0480130997435937
2037,-1.102077746576117,-1.1633194259056943
2038,-0.8967689368151879,-0.8932557339127276
2039,-1.003988310348156,-1.0804249695201897
2040,-0.6527446352518522,-0.6718385129802988
2041,-1.1238791776257893,-1.1910289408868975
2042,-1.2481446534164191,-1.295585539950396
2043,-1.5323782022609267,-1.515772658349689
2044,-1.122070742207904,-1.1986573626861272
2045,-1.0128461011620455,-1.0612534081915466
2046,-1.0669935106292483,-1.101252801985467
2047,-1.3843530185462891,-1.3857507138292045
2048,-1.0445788359457209,-1.093362270757971
2049,-0.9741922367450804,-1.0198504638201031
2050,-1.1542985836664836,-1.1619993925639172
2051,-1.321647194928901,-1.3658986269384261
2052,-1.134142977322719,-1.2011145464219448
2053,-1.4127661285474318,-1.3773098001473936
2054,-1.1768503383148547,-1.2059759742641571
2055,-0.8033547798792521,-0.8217630087946991
2056,-1.1669153686641722,-1.20053188893542
2057,-1.158691127170888,-1.1110183193940757
2058,-1.3312926893086396,-1.3661188284200623
2059,-1.0902811048566834,-1.1354277842513611
2060,-1.3464380142300627,-1.4563364963629624
2061,-1.1976301817930946,-1.2138812411660975
2062,-0.9627595141876576,-0.983574467018967
2063,-1.621129706848499,-1.6342266642035637
2064,-1.1848424077033997,-1.2259790872015626
2065,-0.6583227335020553,-0.6389772116465269
2066,-1.2628969508548116,-1.2788827406712802
2067,-0.9593590082124224,-1.0074530493274398
2068,-1.025624674420024,-1.0836602528480608
2069,-0.9986669194790744,-1.0145429130991817
2070,-1.0891565759052602,-1.104724159724984
2071,-1.2728126289308532,-1.3240494939104228
2072,-1.1173212426577428,-1.1539736063481252
2073,-1.019596119259679,-1.079392421933381
2074,-1.173001162765562,-1.2488601752631536
2075,-0.9574587186880872,-0.9896116210181469
2076,-1.4797658005426095,-1.5271188989112328
2077,-1.0485707068628118,-1.102120381520544
2078,-1.106548089389653,-1.1937256986916176
2079,-1.1574975636045812,-1.1582848101236334
2080,-1.0335445293160372,-1.0551816828930796
2081,-0.9756615282029144,-0.9687677813244777
2082,-1.1600189818892368,-1.209421348869827
2083,-1.3863868288291517,-1.381550419019888
2084,-0.7060840444744758,-0.7156857573887558
2085,-1.1703890515852344,-1.1783870391268811
2086,-0.9606377570204032,-0.9524850072523195
2087,-0.9046730782634528,-0.92474747152166
2088,-1.0254960494448049,-1.0520175998540346
2089,-0.8691923341085744,-0.9046748846094257
2090,-1.072811201561329,-1.0987777940356749
2091,-1.1775387340737868,-1.2405671319973077
2092,-0.8786508676617645,-0.9243318982704196
2093,-0.8172990231550941,-0.8619182852829925
2094,-0.605496992038775,-0.6228155158104925
2095,-0.96857297512912,-0.9658969611429886
2096,-0.9397092207457668,-0.9122564865531697
2097,-0.871995677319608,-0.90472294641107
2098,-1.1750664738721626,-1.217479697027461
2099,-1.1066037638242854,-1.145326680438484
2100,-2.093712792677038,-1.9584134501580903
2101,-0.967654077581657,-0.9711370894114812
2102,-0.8771581548128942,-0.8683899729452531
2103,-0.965217547946506,-1.0074746956837375
2104,-1.199460975055037,-1.1628914278021725
2105,-0.7313019887421482,-0.7122437716339453
2106,-1.071078390491252,-1.0369082869354462
2107,-0.9130672142487164,-0.8995328737945205
2108,-0.5243061660796173,-0.5408623592827307
2109,-0.4962130475927282,-0.42581278630642305
2110,-0.7601772603534517,-0.6926476507863807
2111,-0.8840272188186645,-0.8536732111053913
2112,-2.080400007111685,-2.324296567605624
2113,-0.6461153991462648,-0.6128281837915657
2114,-0.5544688059017062,-0.4981596592538518
2115,-1.4214574131700728,-1.2902723520847568
2116,-0.7814445753892263,-0.7810865932492097
2117,-1.1002377715221672,-1.0841929377378319
2118,-0.9658368428548176,-0.9505704006072648
2119,-1.7352146289565349,-1.6728427076159322
2120,-1.128434032201767,-1.0470273631434464
2121,-0.5499219450839731,-0.4724461144292666
2122,-0.5889925651433991,-0.5774689076918491
2123,-0.7755285963531613,-0.8070739950617649
2124,-0.6671151819155198,-0.6674504682193008
2125,-0.440611814343652,-0.4436663199256754
2126,-0.5506066056184991,-0.5451300140776367
2127,-1.6014836352804434,-1.5663670537955885
2128,-1.616951931090582,-1.5996705587822897
2129,-1.0091869566175673,-1.0398962628773445
2130,-0.542096110060811,-0.5290270975535729
2131,-1.3561262554592557,-1.29567494064235
2132,-0.9920570096001028,-1.0106411473579897
2133,-0.5359629206359386,-0.5175943164399119
2134,-0.8238841489303944,-0.8230942364071278
2135,-0.7303919441016146,-0.7162698551763831
2136,-0.7980696707963943,-0.8002036148359566
2137,-0.9143077449281086,-0.9143780428017174
2138,-0.5654478232691608,-0.554645515579525
2139,-1.3273541853409403,-1.2791043740426977
2140,-0.6495894037760221,-0.670047875783456
2141,-0.4033319266267525,-0.380892098235067
2142,-0.8348578759866168,-0.9195487100384476
2143,-1.274658384249192,-1.238629180577767
2144,-0.9265823839232326,-0.8969595319531225
2145,-0.8073298493400216,-0.7306026351953226
2146,-0.7409530480702718,-0.7486416366448658
2147,-0.4682249690211096,-0.4699809048056298
2148,-1.2536188491753169,-1.1852370232038192
2149,-0.4054862367573069,-0.3917743224788825
2150,-0.595122461207211,-0.5878477386770442
2151,-1.2854552823443746,-1.338614006778799
2152,-0.746660685354425,-0.7664859148567282
2153,-0.5565399356590685,-0.5465478023939849
2154,-0.9454121123999356,-0.9762763026614002
2155,-0.7237413137678116,-0.6761107116348102
2156,-0.902835445810658,-0.8430273202717068
2157,-0.904541626457096,-0.840967120463876
2158,-0.8192138215526938,-0.8229891597263892
2159,-0.7861284017562866,-0.8157473298247744
2160,-1.0510066257890804,-1.0528481824260456
2161,-0.8641641745343804,-0.7834613549461781
2162,-0.9943518072366716,-0.9602239872897786
2163,-0.836612337268889,-0.7915682883213526
2164,-0.7397543824636019,-0.6789758602278353
2165,-0.3735899925231933,-0.3414990242659868
2166,-0.6567087838816088,-0.6566060353673591
2167,-0.696913946506589,-0.701654634189058
2168,-0.6831887091777121,-0.7058625077851488
2169,-0.6067922577377438,-0.5526397314108191
2170,-0.387128992686196,-0.3930512358269421
2171,-0.4519210638001907,-0.426072358370002
2172,-0.6762543503119021,-0.6162006464006492
2173,-0.7212134134024382,-0.7106084974315003
2174,-0.979851788124152,-1.0015364018007675
2175,-1.6498249204535234,-1.6208060659910548
2176,-1.21693712159207,-1.1776640033844754
2177,-0.7202404264419798,-0.6808646232441689
2178,-1.4874786644270923,-1.439936384509454
2179,-0.5912812319668856,-0.52238110671997
2180,-0.5675754870555197,-0.5335573374657616
2181,-0.6213155624478363,-0.6471431919228363
2182,-1.3602926269058109,-1.326365219069988
2183,-0.3982269959016279,-0.41137392045547083
2184,-0.5269025357564291,-0.5161110237501148
2185,-0.9198259032049844,-0.8449732438404293
2186,-2.4467617386863347,-2.465148067382003
2187,-0.7759180795401335,-0.6965243035729055
2188,-0.7892652518989504,-0.7764804563347671
2189,-0.8047035735681516,-0.8205812605379315
2190,-1.5658113386320032,-1.5712833824058499
2191,-1.12440695493452,-1.1247946661565602
2192,-0.6647613853216171,-0.6682872396776938
2193,-0.3496013494927113,-0.3275751990500756
2194,-0.8581032364867455,-0.903026987963522
2195,-0.5296168895438313,-0.5157233114331408
2196,-0.9935268302296484,-0.9821380510856434
2197,-0.4281094961388166,-0.40653721371533436
2198,-0.6551700662821531,-0.6616998080755618
2199,-0.744309149047201,-0.7418025919099757
2200,-0.8582527739133021,-0.9593499258129068
2201,-1.0652767378708412,-1.1405626036580023
2202,-1.1884435082590856,-1.2697012024322007
2203,-1.141754809276078,-1.2068090051656502
2204,-1.0018618670544883,-1.110103664844543
2205,-0.9518663106962691,-1.05836225826188
2206,-0.73162612896557,-0.8321071695966001
2207,-1.0300473778746848,-1.2547857080892895
2208,-1.478250457334888,-1.546988001035675
2209,-1.1612147009649942,-1.2469698489157928
2210,-1.302840606186741,-1.3453979356668397
2211,-1.719311378814362,-1.682013770914608
2212,-2.1622327651296342,-2.5613268823951745
2213,-1.3956676487062798,-1.5103116833227859
2214,-0.8322197854980942,-0.892915449399799
2215,-1.0860146777704358,-1.1301993413802416
2216,-1.0660654768463254,-1.072185368889587
2217,-1.096536213113356,-1.1517454921605155
2218,-1.1146285404530607,-1.13294398915023
2219,-1.1455650819364445,-1.1797633733683768
2220,-1.0571623412213584,-1.176053610762823
2221,-1.0613668158996936,-1.1734644257596425
2222,-0.966245502464531,-1.0867191391076887
2223,-1.2661895668783854,-1.260776488060048
2224,-1.212695827779844,-1.2350502366184963
2225,-0.3776130197394607,-0.3754798456231203
2226,-1.061629247295764,-1.0168517597842814
2227,-1.1558168867761776,-1.2317746317978786
2228,-1.006952649863191,-1.023532096421733
2229,-1.1924163528191027,-1.2541036253334021
2230,-1.3348915715550267,-1.4844750162486524
2231,-1.2985494238461637,-1.3049060188817208
2232,-1.4562963108683742,-1.5327750113744174
2233,-0.903907433960789,-1.0062309683828925
2234,-1.067936332650887,-1.160675310282716
2235,-1.039037260898324,-1.10476352939614
2236,-0.965081982811292,-1.1354128002409878
2237,-1.0547369755515756,-1.142459993267299
2238,-0.9284395321395046,-0.9156586271370154
2239,-1.0340550241544264,-1.109682892136305
2240,-0.6451488907520587,-0.6948654108201381
2241,-1.113282177799432,-1.2750672343929252
2242,-1.2098745458809903,-1.2558604634487147
2243,-1.4967121615890384,-1.5215395012527577
2244,-1.0818122745484344,-1.2786429383600617
2245,-0.9884056776993034,-1.1606583133396773
2246,-1.0695534672324114,-1.1183184257052035
2247,-1.3354496595471403,-1.3742867567692654
2248,-1.03286401800407,-1.1279003612584255
2249,-0.9560158908829208,-1.0864045264002502
2250,-1.1846160565235817,-1.1401885775293452
2251,-1.330555099849553,-1.4278230021831304
2252,-1.1504928455796353,-1.2775552929990182
2253,-1.3420337956081063,-1.3274071367514169
2254,-1.1263230808021487,-1.2780489347498614
2255,-0.7925608296727025,-0.8886173273309226
2256,-1.191895227099574,-1.2051042115782027
2257,-1.1194238256114395,-1.051320122839704
2258,-1.289862157762513,-1.4357574985112873
2259,-1.0577745779540189,-1.1808931293831195
2260,-1.3600463802500289,-1.5383197172862788
2261,-1.2375498298526737,-1.2451466755299412
2262,-0.9263336538344392,-1.0095070407283664
2263,-1.5959627406541692,-1.6733538953686076
2264,-1.129863730760721,-1.2291825159163923
2265,-0.6903717425442482,-0.6513204341453545
2266,-1.228630505791006,-1.3229711674287101
2267,-0.939630812452745,-1.080776731209331
2268,-1.0641524191050566,-1.0998039885625406
2269,-0.9354930968247644,-1.035289419031329
2270,-1.102696412293486,-1.150426166742523
2271,-1.2565276243889978,-1.3073200976299393
2272,-1.1601842484732932,-1.191906216196097
2273,-1.027997518694678,-1.1237492072401447
2274,-1.1348571546317996,-1.239756415028691
2275,-0.9111456638943832,-1.0399462807429642
2276,-1.4897148313448412,-1.5529620601531575
2277,-1.0353097786274992,-1.1561613089728862
2278,-1.1374783164771027,-1.20135720727154
2279,-1.1827803951198772,-1.1910537311574794
2280,-1.0727882477664208,-1.053372556941486
2281,-0.9623865341955378,-0.9837201692229947
2282,-1.1806457809699598,-1.2944980473276355
2283,-1.4234020321868186,-1.4176549541016943
2284,-0.6753662239830449,-0.7460697677647828
2285,-1.1909702424855195,-1.1804881358144481
2286,-0.9067112918972045,-0.9380418173089293
2287,-0.9516700792682264,-0.9369184679477238
2288,-1.0806348952212077,-1.0859083763884356
2289,-0.8754495678021926,-0.898588990372775
2290,-1.0784979689028835,-1.096712608299262
2291,-1.1737326263457306,-1.2351123197012464
2292,-0.9415671437285668,-0.9449754208058303
2293,-0.8416613497475322,-0.9035116554941005
2294,-0.6288496301143984,-0.6552959290485196
2295,-0.9931705302970354,-0.9513339660477579
2296,-0.9328592359557633,-0.83248281775412
2297,-0.8953843763632368,-0.9307928956681031
2298,-1.1713006071342054,-1.2628567731551912
2299,-1.0709981086642244,-1.1911596247984417
2300,-2.0886671823613785,-1.8689364310055598
2301,-1.0051135536312132,-0.8883565187315253
2302,-0.908934143162513,-0.7991861553596664
2303,-1.118359261088901,-0.7942941413283798
2304,-1.2211585949207175,-1.1852234107390016
2305,-0.7510339400564977,-0.6895624936155051
2306,-1.1488942443108072,-0.9751802614660968
2307,-0.9787841517795888,-0.8514323003506873
2308,-0.5205060770345289,-0.45619273263103477
2309,-0.6082106078112567,-0.31616662227540526
2310,-0.7815688757669358,-0.5905236059268898
2311,-0.8955070455869039,-0.8501138171872119
2312,-2.1622327651296342,-2.5612871178708136
2313,-0.6898863417233607,-0.5255654100660497
2314,-0.6036716559901834,-0.35765510786554
2315,-1.529528843031989,-1.1330136690903148
2316,-0.8184938987096151,-0.732208949141991
2317,-1.1406137471975282,-1.0027579661037398
2318,-1.005612844708322,-0.8751697739501019
2319,-1.747148708863692,-1.5893003912870205
2320,-1.0302314574901874,-0.9294735098886849
2321,-0.5986114361489466,-0.33286697838309465
2322,-0.6338129218031721,-0.473301193220131
2323,-0.8769230805626211,-0.6763597430782222
2324,-0.6932032662768697,-0.5950768665215441
2325,-0.4509335941122483,-0.44283546496188975
2326,-0.5510519170021826,-0.49524855700256293
2327,-1.6981343290080195,-1.470549147508037
2328,-1.6596157721110754,-1.4374016535859118
2329,-0.966277610372614,-0.937316358856895
2330,-0.5139922136440873,-0.441053489723872
2331,-1.300157555827388,-1.1181415634922613
2332,-1.0050103375688195,-0.9436800208573483
2333,-0.5537407277151942,-0.47324121559275695
2334,-0.8754905961280646,-0.7104626812541176
2335,-0.7841655477996945,-0.6488730099659901
2336,-0.8787220066243951,-0.7855159057817217
2337,-0.9807292869848798,-0.7907361078951032
2338,-0.5573417821268397,-0.522830639253597
2339,-1.3125756498455077,-1.2029022158240208
2340,-0.6386875711954557,-0.6923817010103911
2341,-0.4318727781606275,-0.26286932313663314
2342,-0.8754363716110702,-0.8816376607059423
2343,-1.2715585102406584,-1.1960978547635492
2344,-1.0190507965162396,-0.7609843905142734
2345,-0.8672790275886655,-0.6487633432886094
2346,-0.9422761910203574,-0.5669888347167995
2347,-0.5814522772796394,-0.3699246662569519
2348,-1.1946406492165156,-1.173212408725163
2349,-0.4002042599578402,-0.396421065365635
2350,-0.6553033040836453,-0.5081263684149959
2351,-1.317989938018858,-1.2741903051147985
2352,-0.7510214258534039,-0.70595500620778
2353,-0.5937558005946552,-0.46544994493864966
2354,-0.975734205916524,-0.9442728026524105
2355,-0.7446239524417453,-0.7317440826835383
2356,-0.976669761561608,-0.7111858878658361
2357,-0.897649040517881,-0.7460955015140095
2358,-0.840889566577971,-0.7388725311654124
2359,-0.7853457341591518,-0.8322990410548342
2360,-1.0693347814471224,-1.0236204894467322
2361,-0.8727672370150685,-0.6180749764279685
2362,-0.9996072664856912,-0.9302410940213768
2363,-0.8489117166027427,-0.7191916530789446
2364,-0.7647401213645935,-0.5401935760582978
2365,-0.3806588833148663,-0.30307347650063954
2366,-0.6647366202154825,-0.6201576758030711
2367,-0.7674822465393895,-0.47392414395724364
2368,-0.683140889618748,-0.7009095914626922
2369,-0.6642577149147211,-0.44437475728273407
2370,-0.4526456935065133,-0.34306861337015054
2371,-0.4816003400225972,-0.3242399379703829
2372,-0.7494687754280713,-0.45857401330063974
2373,-0.7051932075992227,-0.651528784098333
2374,-1.0214993373482628,-0.889541049194163
2375,-1.7019103389037282,-1.5973332525463946
2376,-1.3006729213814987,-1.1593927353315119
2377,-0.7648705906338162,-0.5635177090693055
2378,-1.561582680904504,-1.2316326742619295
2379,-0.5611072128469293,-0.4868337317526098
2380,-0.5786467984665272,-0.404143923922464
2381,-0.6332346099291661,-0.6575541396191973
2382,-1.4540192323137624,-1.170757346943183
2383,-0.4071580453352494,-0.4044491626619868
2384,-0.5079945786794027,-0.5484391848558041
2385,-0.919869624367056,-0.6401310503494484
2386,-2.584414493469965,-2.4608521386278293
2387,-0.809950303286314,-0.5197352322824756
2388,-0.81608266423839,-0.7172390623569407
2389,-0.8307817824389956,-0.747907430710918
2390,-1.5688399542932925,-1.5112547139203636
2391,-1.1519896464963113,-1.0522931495389705
2392,-0.6913259744644165,-0.6888079120184126
2393,-0.3243814969625999,-0.27385229441456377
2394,-0.8474223419677379,-0.9093080312099935
2395,-0.5672298343852162,-0.4518654178493215
2396,-1.0105585275694382,-0.9296039064017162
2397,-0.4452577505924905,-0.3865759998478577
2398,-0.6776936128735542,-0.5852004075039698
2399,-0.7558774781781573,-0.6486438899536747
2400,-0.8687052662058394,-0.9593497348351651
2401,-1.0987874814148606,-1.1405641184976427
2402,-1.2191976964935776,-1.269701968586423
2403,-1.1723760754563088,-1.2068113427052487
2404,-1.0196276588957438,-1.1101061604159475
2405,-0.9751380857571152,-1.0583631732361463
2406,-0.756747329881949,-0.8321090170011373
2407,-1.0804435245750486,-1.2547859305056284
2408,-1.4931577379389327,-1.5469880493811057
2409,-1.2175910528316054,-1.2469725125454634
2410,-1.3615276665650595,-1.345400113327004
2411,-1.7204672360158229,-1.682012735232755
2412,-2.369581520557404,-2.561334864852198
2413,-1.4700702829439132,-1.510314116757296
2414,-0.8393212224161902,-0.8929161723693564
2415,-1.0935362000018358,-1.1301998250519418
2416,-1.100774044214293,-1.0721864718911986
2417,-1.141793313876603,-1.1517461626753724
2418,-1.1709290835284447,-1.1329457735073605
2419,-1.1667351353076076,-1.1797632916715355
2420,-1.1266578140184862,-1.1760579183589421
2421,-1.0990980299868325,-1.1734662942234233
2422,-1.04394596122032,-1.0867216917927305
2423,-1.3022109205408614,-1.2607766531263582
2424,-1.23895241031351,-1.2350511382314369
2425,-0.3805524222871177,-0.37548076013225457
2426,-1.0517490409141363,-1.0168504929924116
2427,-1.1972290665604348,-1.2317755809329234
2428,-1.0273500357487404,-1.0235343558877865
2429,-1.2823729080747264,-1.2541084682997043
2430,-1.377263958139937,-1.4844760756308975
2431,-1.3337476761766185,-1.3049080034596146
2432,-1.4925845584204032,-1.5327758161888487
2433,-0.9612469978110736,-1.0062323920694234
2434,-1.0965663832287456,-1.1606767370254842
2435,-1.050104767777199,-1.1047639746562463
2436,-1.000062174598376,-1.1354155457954425
2437,-1.0759695380233054,-1.1424612158325387
2438,-0.929938979851183,-0.915658599316836
2439,-1.0453847406446473,-1.1096808375657172
2440,-0.6724827793928293,-0.6948662890493408
2441,-1.1838793024536252,-1.2750699297737913
2442,-1.1483518495116125,-1.2558589375524234
2443,-1.501537887624992,-1.5215390376535114
2444,-1.0983933117962623,-1.2786436901900466
2445,-1.0360461454982903,-1.1606607216179148
2446,-1.1123257068198498,-1.1183210598101903
2447,-1.3338734382806825,-1.3742864044764853
2448,-1.065257465192514,-1.127901690047696
2449,-1.0133310491724532,-1.0864073627622117
2450,-1.1571054347725802,-1.1401889611342826
2451,-1.3838865793952646,-1.4278255605395305
2452,-1.1778726753338362,-1.2775559539081127
2453,-1.3659945162691811,-1.3274058464723348
2454,-1.1254516627437383,-1.2780468510905856
2455,-0.8314519640087157,-0.8886186967623305
2456,-1.1909042144006536,-1.2051040409156573
2457,-1.120374740556229,-1.051319914457907
2458,-1.3517987811288168,-1.4357608596823466
2459,-1.085428092830865,-1.180894009094472
2460,-1.391405659128529,-1.5383198987797742
2461,-1.2997298684231071,-1.2451482012225015
2462,-0.9459227924199068,-1.009506743751466
2463,-1.6232062513514085,-1.6733551120274983
2464,-1.1502581898982709,-1.2291809778687133
2465,-0.7432697854300802,-0.6513230225740431
2466,-1.2787383656169091,-1.3229736713972684
2467,-0.951266324797342,-1.0807770623268627
2468,-1.094706948413405,-1.09980421926703
2469,-0.9887892017068788,-1.0352923825352633
2470,-1.137889959091364,-1.150427317339239
2471,-1.2557175242623615,-1.307319799464713
2472,-1.1758890789608625,-1.1919070637396667
2473,-1.0609162306600763,-1.1237508242564496
2474,-1.1540728604146675,-1.2397570873230555
2475,-0.949630227764096,-1.0399464010202182
2476,-1.5247034102447272,-1.552963895037584
2477,-1.1034695778706276,-1.1561643681771694
2478,-1.1542259463968203,-1.201355750341698
2479,-1.2100791092646324,-1.191054475329317
2480,-1.0767778694167618,-1.0533725524284134
2481,-0.9733014947684236,-0.9837216652666745
2482,-1.230498149413471,-1.2944993131619693
2483,-1.4220268698625786,-1.417653897967537
2484,-0.7138373604360616,-0.7460713340477635
2485,-1.2029160353564476,-1.1804878767319806
2486,-0.9365998663643534,-0.9380432136017608
2487,-0.9442161913065948,-0.9369171871775981
2488,-1.078014802563098,-1.0859086602322252
2489,-0.8698803944181103,-0.8985889965005179
2490,-1.07784188810245,-1.096710908458096
2491,-1.158044465752535,-1.2351117030121863
2492,-0.9345775389856146,-0.9449740626234048
2493,-0.8696589821068815,-0.9035124011157082
2494,-0.6597265412535849,-0.655295761323399
2495,-0.9923040617343992,-0.9513323873477131
2496,-0.897436357283777,-0.8324808455623078
2497,-0.8851118143214736,-0.9307918584272256
2498,-1.2116453629131465,-1.2628579562345918
2499,-1.091162132662396,-1.1911600165963048
2500,-2.064369699534248,-1.8689370943664478
2501,-0.9569899453673252,-0.8883493139735399
2502,-0.8639485558798147,-0.7991845407073648
2503,-1.0220274554358588,-0.794285982697212
2504,-1.3312638422538494,-1.1852320870327868
2505,-0.7457697105038074,-0.6895631840412583
2506,-1.1359256384324057,-0.9751797832245164
2507,-0.9365476064903792,-0.8514284116951029
2508,-0.5184336715890455,-0.4561914553331462
2509,-0.5307559422504755,-0.316165263350048
2510,-0.8017555815832955,-0.5905246466715753
2511,-0.960599986712138,-0.8501162484482352
2512,-2.370382751737322,-2.5612952467439505
2513,-0.6298214104748512,-0.5255624135813061
2514,-0.5617531584575772,-0.35765383624605396
2515,-1.4616866045527988,-1.1330165544189097
2516,-0.8197918077309926,-0.7322078005384337
2517,-1.1002268865126972,-1.0027545687806227
2518,-1.0288937845449335,-0.8751698460452324
2519,-1.6443507346239956,-1.5892887949256609
2520,-0.8985299582664783,-0.9294684493958645
2521,-0.4777978399927302,-0.33286134004861717
2522,-0.6397512307981166,-0.4732967036539244
2523,-0.8063326990881632,-0.6763558366997503
2524,-0.6604704672051954,-0.5950760715188651
2525,-0.4508105701254319,-0.44283609925119216
2526,-0.5310982391815777,-0.49524562876267214
2527,-1.6474629381428594,-1.4705422608305085
2528,-1.5724729072479977,-1.4374000267376106
2529,-0.9912119927229704,-0.9373165363827488
2530,-0.4812859976664185,-0.44105034688935185
2531,-1.3264892410348963,-1.1181459243294258
2532,-0.956737345084548,-0.9436765053132224
2533,-0.525280624628067,-0.4732404314814103
2534,-0.7895337629687879,-0.7104584908290286
2535,-0.7670585573181625,-0.6488697573724396
2536,-0.8997337479482997,-0.7855163274744317
2537,-0.9376140648080395,-0.7907358869780174
2538,-0.5462479741554561,-0.5228298647290388
2539,-1.2785914036654686,-1.2029012647079962
2540,-0.6680842005289518,-0.6923826038639213
2541,-0.3727541284043659,-0.26286640838586306
2542,-0.8169086330620817,-0.881635302617828
2543,-1.2366675831550775,-1.1960963605127028
2544,-0.8982847630977631,-0.7609774343105906
2545,-0.8279595207422972,-0.6487619335608601
2546,-0.7983458698659703,-0.5669840982089828
2547,-0.478651064310887,-0.3699196783139406
2548,-1.2595577495438712,-1.173219431619067
2549,-0.3729644355489246,-0.39641939235341306
2550,-0.6050481200218201,-0.5081253530686891
2551,-1.2911788105040558,-1.2741886749452354
2552,-0.7289370603339617,-0.7059518810934652
2553,-0.566885559133781,-0.4654465888165074
2554,-0.9736240459606051,-0.9442713002544547
2555,-0.7906370636016603,-0.7317467471845933
2556,-0.983477841976077,-0.7111845468900138
2557,-0.8650012265804202,-0.7460933463749837
2558,-0.778293308801949,-0.7388665064483149
2559,-0.8162186076243718,-0.8323000519409789
2560,-1.0282407361407613,-1.02361790279204
2561,-0.8086341125890613,-0.6180715939864654
2562,-0.997345533967018,-0.9302392591392333
2563,-0.8110316591337323,-0.7191896621050345
2564,-0.6766307060535137,-0.5401831968818984
2565,-0.3970059492649176,-0.30307390226741665
2566,-0.6644477844238281,-0.6201569103821452
2567,-0.7192288553991983,-0.473922225304198
2568,-0.6695081550021504,-0.7009079864421275
2569,-0.5616453091303507,-0.4443694135352694
2570,-0.4259151154094272,-0.34306692470656847
2571,-0.435801112374594,-0.324237527408957
2572,-0.7193216705808834,-0.45857177970870405
2573,-0.6693767942488194,-0.6515282873811277
2574,-0.9514982099026704,-0.8895395745691363
2575,-1.658082190312837,-1.597327340861631
2576,-1.3267759536442003,-1.1593943492952838
2577,-0.7232622040642632,-0.5635153659634236
2578,-1.4348525314620046,-1.2316194060473709
2579,-0.5534560962156816,-0.48683441808786904
2580,-0.5043973691703737,-0.40413869673307456
2581,-0.6734325349792953,-0.6575562482593367
2582,-1.3287186086639875,-1.1707504479747544
2583,-0.4015943917361173,-0.4044488235147459
2584,-0.5310996007919312,-0.5484407542077815
2585,-0.796563937682514,-0.6401245820945463
2586,-2.464202892212641,-2.460837606428092
2587,-0.7331396155059338,-0.5197322240144701
2588,-0.7741592919179635,-0.7172355378560737
2589,-0.7877262480762026,-0.7479059284633212
2590,-1.5933583767517754,-1.5112495630294582
2591,-1.115398410827883,-1.0522892460452054
2592,-0.7230019301176072,-0.6888090658698792
2593,-0.3074482435316551,-0.27385001880601123
2594,-0.8578690817189771,-0.9093084863427
2595,-0.5171254267916083,-0.4518631900705147
2596,-1.014321717180947,-0.929603178531184
2597,-0.4228410434353259,-0.3865741894000033
2598,-0.687875590287149,-0.585199550975205
2599,-0.7187177220056223,-0.6486403887554424
2600,-0.7677386343017105,-0.8002092247600495
2601,-0.9367924219575422,-0.9297272274688596
2602,-1.0588899573614432,-1.0465860584096682
2603,-1.088813063710235,-1.0785191506495866
2604,-0.9905719442885051,-0.9953438602527928
2605,-0.8456653569095819,-0.8589872211830267
2606,-0.6268873418024344,-0.6212238329999277
2607,-0.9379496944043064,-0.9761481867232639
2608,-1.2324062826097473,-1.2003691032011965
2609,-1.1067815492319506,-1.108922737669829
2610,-1.2399589978447256,-1.1519196012167925
2611,-1.6798578919945182,-1.643706392001397
2612,-1.9884367755481176,-1.964188142512448
2613,-1.2893413031687502,-1.2491632499091927
2614,-0.6285504768061083,-0.6639386780797742
2615,-1.077960348688066,-1.0979860978906872
2616,-0.9743340190990952,-0.9870816128619613
2617,-1.0072258673897083,-1.0217252659260119
2618,-0.8899792783944181,-0.8786420407014239
2619,-1.0658057918844297,-1.0097126346403285
2620,-0.8608530889185824,-0.8705883003878884
2621,-0.8577248634294022,-0.8154423032579238
2622,-0.8923415629438651,-0.9092199582875005
2623,-1.1924365851306176,-1.1855704316071873
2624,-0.8949911141580389,-0.8393209043095657
2625,-0.3888868460288414,-0.40820291743842596
2626,-0.8172288356825362,-0.8011035005797
2627,-1.135011867035267,-1.0886483069079276
2628,-0.9326384695925454,-0.8887834799376061
2629,-1.0278791503388751,-1.0376944576545588
2630,-1.2476339885430745,-1.2222344833759888
2631,-1.1312718317490216,-1.094236967352088
2632,-1.3316196951755257,-1.343173471573133
2633,-0.7854100243989811,-0.8307003500478793
2634,-0.9098162752713344,-0.9188076520339906
2635,-0.9297550417656122,-0.9136051226064213
2636,-0.8440374126036961,-0.8505458043267026
2637,-1.0309137198352074,-1.101922228872551
2638,-0.7823849435924559,-0.8134220815625223
2639,-0.8819982552713201,-0.9041705197164461
2640,-0.6407281279563903,-0.650801737946014
2641,-0.831188346988471,-0.8255745173467084
2642,-0.9977418969767964,-1.0559814482547494
2643,-1.2863413095474243,-1.2347779992453607
2644,-0.966860943986464,-0.997261299985624
2645,-0.9178256415581518,-0.8427689453281021
2646,-0.8409805710860124,-0.838490857339965
2647,-1.2235815571260082,-1.1943685704870137
2648,-0.8856615170027858,-0.8783181059697883
2649,-0.9248296650805214,-0.9412379041169823
2650,-0.9294908730558646,-0.9191477349622417
2651,-1.1906397878661636,-1.1936224242725166
2652,-1.0634634688843128,-1.0610486965948658
2653,-1.285053290137949,-1.2917394038623413
2654,-0.9553154198698296,-0.9715929703370919
2655,-0.6561402562976808,-0.653140597493377
2656,-1.0057384884634684,-0.9877990191846537
2657,-0.923612305360247,-0.9066768084589728
2658,-1.1832101437472555,-1.169714575099148
2659,-0.9197409836820852,-0.9718747419529242
2660,-1.2540822916252667,-1.2597409392576722
2661,-1.0387377507926885,-1.0329081719074968
2662,-0.969290762908699,-0.9189281225887869
2663,-1.4852496209994768,-1.4781275949991377
2664,-0.983529466849107,-1.0072527156717759
2665,-0.5257951806682025,-0.5114527642690667
2666,-1.127148986786835,-1.1106781639176082
2667,-0.7649788320526596,-0.7529389953796943
2668,-0.8633755685747132,-0.874241863071855
2669,-0.7485041082367416,-0.7729751299869627
2670,-1.061440349549286,-1.075361717694187
2671,-1.1261807624683824,-1.1279251355519233
2672,-1.018220159434533,-0.9949080010089477
2673,-0.8648511383884637,-0.8526125172246536
2674,-1.0714608939119088,-1.122938382962955
2675,-0.814180762366911,-0.8324649037483078
2676,-1.377717604932859,-1.3645483775533869
2677,-0.9457468764726504,-0.9612381970679053
2678,-0.9231388494949933,-1.058766420683612
2679,-1.0841995639316109,-1.0694895467925303
2680,-0.883973990299905,-0.8513396837357863
2681,-0.8597479910813561,-0.8517508598457191
2682,-1.0390527950700863,-1.0673412115319616
2683,-1.3114111663759216,-1.266575272324317
2684,-0.6652928230897436,-0.6873052131480073
2685,-0.972519648167514,-0.9726131947241581
2686,-0.7619880964589674,-0.751586479699137
2687,-0.8119530409805534,-0.7915180785849342
2688,-0.9600910798523776,-0.9383605719282796
2689,-0.7671653743862181,-0.7890742418784741
2690,-1.0236028238784436,-1.023036332256032
2691,-1.075103099956069,-1.0902526863097017
2692,-0.8674933947333994,-0.840603328234366
2693,-0.6437145277511241,-0.6483938708337696
2694,-0.6585616778723801,-0.6381294074394401
2695,-0.7536714742350024,-0.7395332255152925
2696,-0.6230331492978473,-0.6435405582466877
2697,-0.6481539713319882,-0.65370932500154
2698,-1.03233279645905,-1.0501205047441373
2699,-0.9811099823131118,-0.9949707437156814
2700,-2.610120275441338,-2.5829604350607496
2701,-1.2438996346421944,-1.287446716945866
2702,-1.059469652730365,-1.1158928711424105
2703,-1.354282177819146,-1.510029110146819
2704,-1.4195027680232608,-1.213266441694627
2705,-0.8149315091066582,-0.803932370106426
2706,-1.2290524414607458,-1.213044249783088
2707,-0.9749343746392302,-1.006625153709851
2708,-0.6252715042395185,-0.6593388934721189
2709,-0.6564626311078484,-0.6274255826062105
2710,-0.8446415288107736,-0.8608847246783831
2711,-1.0782752752304077,-1.0505180988140679
2712,-1.9886554394449507,-1.9641868672887557
2713,-0.8899250538774239,-0.9010929333584292
2714,-0.7774568684399128,-0.8339434177557362
2715,-1.407410141494539,-1.4604469241512614
2716,-0.9320330699284872,-0.9595994174241339
2717,-1.2332477357036384,-1.2460601076864044
2718,-1.199107781223867,-1.2467846568701626
2719,-2.220073304393075,-2.3929442351784034
2720,-1.284549777324383,-1.3367049291761188
2721,-0.6766909037449563,-0.6805079458726603
2722,-0.8127847037664274,-0.9407405621808947
2723,-0.9359931123349092,-1.1036151634097784
2724,-1.0979250087294468,-1.2005050431292597
2725,-0.46589578861414,-0.4843388171552586
2726,-0.645994783371918,-0.6860126225357777
2727,-2.071282345315685,-2.2384844977916813
2728,-1.8064566282998948,-1.843671340618146
2729,-1.227325278299826,-1.2851020606616337
2730,-0.6964529966935515,-0.7944124475774937
2731,-1.390899830394321,-1.373821874738799
2732,-1.1212213719263673,-1.213725969481661
2733,-0.6274716639891267,-0.6242084396138484
2734,-1.030153608137323,-1.0788741576405991
2735,-0.7325650860172833,-0.7662099993631685
2736,-0.9223739829930392,-0.9773094417893499
2737,-1.0987479529639548,-1.2505173031686732
2738,-0.6857427555745043,-0.7255206486459681
2739,-1.430136764696402,-1.492246727881511
2740,-0.637553438773522,-0.6513089458784391
2741,-0.5592879398848659,-0.5967097420620912
2742,-1.3151056424591892,-1.3029965410067061
2743,-1.3687147974043854,-1.394699277769986
2744,-1.2174298875033855,-1.3127695346700206
2745,-0.8928019842132926,-0.859944393983537
2746,-0.9888588362845822,-1.1070282513695162
2747,-0.6963198517644128,-0.7327195589004533
2748,-1.057527550629207,-1.0407178216870585
2749,-0.42401592944985,-0.4217323380050809
2750,-0.8060280401259661,-0.833908957360183
2751,-1.426504932632742,-1.570651606683975
2752,-0.9039366762767468,-0.961364378972241
2753,-0.7310287074525227,-0.7948300596515165
2754,-1.0281332060694697,-1.068489554746336
2755,-0.6865693576752193,-0.6535063596298545
2756,-1.067824542060379,-1.0765013618040502
2757,-1.006016779315564,-1.0045785596633
2758,-1.048554178327322,-1.1025449996008088
2759,-0.7876051088174184,-0.7955122414122607
2760,-1.1331707276115122,-1.170523827590667
2761,-1.022909245453775,-1.103403832897311
2762,-1.108955664932728,-1.1929007067194044
2763,-0.9801291096955538,-1.0066107654732757
2764,-0.8049921705172612,-0.9078043321780256
2765,-0.4495410796923515,-0.4457353191946471
2766,-0.7123387710068577,-0.7361567201336913
2767,-0.9453238803286884,-1.015951150319318
2768,-0.7452259886172391,-0.7581050426488936
2769,-0.8511420590008876,-0.852770010807909
2770,-0.5832939034416562,-0.5894551459898615
2771,-0.641771581745887,-0.7214061980555486
2772,-0.7830997827101727,-0.8260150536572999
2773,-0.8799096597358584,-0.9144852854386505
2774,-1.1520213563885309,-1.1593250183284207
2775,-1.8488560538542893,-1.8704956962766037
2776,-1.4519262439326237,-1.4684052589971714
2777,-0.8440061258891273,-0.822532530365007
2778,-2.1059107238596138,-2.2661450106351437
2779,-0.6495572870427911,-0.6067711888869097
2780,-0.6666094776271849,-0.6780084600444372
2781,-0.6151433721069217,-0.6152353906978806
2782,-1.62866403428159,-1.689451680587054
2783,-0.4540679151361639,-0.4674912678934077
2784,-0.5254748487472534,-0.5272144212942166
2785,-1.010436588479567,-1.0315427003025794
2786,-3.206531944729033,-3.2965940606909307
2787,-0.9529062127694488,-0.9651606994305764
2788,-0.8875606013822925,-0.906859786315387
2789,-0.9092444225188788,-0.9810118976786848
2790,-2.037588254265163,-2.317059049459146
2791,-1.4945624509165365,-1.5917666357448592
2792,-0.6970886409282684,-0.6948652673478622
2793,-0.4877183221456573,-0.5012641362643481
2794,-0.8512102310047593,-0.9111626509841013
2795,-0.7452432755380869,-0.7563049291462113
2796,-1.0537255503410516,-1.0830440388528029
2797,-0.5039242367411769,-0.4920204812830019
2798,-0.7681111451238394,-0.796219695125477
2799,-0.8708094432372455,-0.9551648536332082
2800,-0.7747668101806049,-0.8184919018250136
2801,-0.9723726531554912,-1.0011365253943376
2802,-1.0601372672605884,-1.0939164079327481
2803,-1.067775855692782,-1.11834213846279
2804,-0.9379698028860166,-1.0088431249844092
2805,-0.8578538321709448,-0.8953127142074249
2806,-0.6384767099868419,-0.6504640105331976
2807,-0.940470385921094,-0.9788947572568162
2808,-1.2333406524140706,-1.2706525121253707
2809,-1.1374150662459144,-1.1211337913441044
2810,-1.1339648389077002,-1.155583505861525
2811,-0.9194771496804206,-1.430894394472594
2812,-1.9798108083861208,-2.120624723184411
2813,-1.293122272022435,-1.3169977474140686
2814,-0.6319170007409975,-0.7179377092435737
2815,-1.071012444794178,-1.1051626870654983
2816,-0.9991902630458508,-1.0245027344639688
2817,-0.9952449391978656,-1.0419015184267941
2818,-0.9089573159698368,-0.9263467110121839
2819,-1.0252694492192231,-1.0569394605606752
2820,-0.8777174838753634,-0.9160434798281463
2821,-0.8210537710855174,-0.8541020407857842
2822,-0.8307510993277379,-0.8818562673326544
2823,-1.0367287877918214,-1.198878207630679
2824,-0.7697191266126411,-0.8627618041233915
2825,-0.3933358712074084,-0.39918982530920766
2826,-0.8056345679039179,-0.8491223559950019
2827,-1.0930942380151083,-1.090281706930915
2828,-0.917917851329774,-0.923110566604245
2829,-1.038413222445998,-1.1042929210312737
2830,-1.2633281363997348,-1.260235844795207
2831,-1.098664548970008,-1.1301900598270094
2832,-1.3428684223529903,-1.3748050067742394
2833,-0.7492483660232189,-0.8226565516673674
2834,-0.9183353425920472,-0.9700470949504287
2835,-0.9299884101217109,-0.9382301756127147
2836,-0.8610706845919291,-0.8851330442759369
2837,-1.064783915068752,-1.130863614184802
2838,-0.8083800678105317,-0.8509814801289315
2839,-0.8715177450993264,-0.9282297554804708
2840,-0.6316579213509192,-0.6597943609821446
2841,-0.7963183499121851,-0.889836169705333
2842,-1.00502002146817,-1.0667326863553195
2843,-1.2805671775063805,-1.2472524428497063
2844,-0.9709314514500226,-1.0088448718511738
2845,-0.8911587877791057,-0.8707739162562174
2846,-0.7398139810937596,-0.8277234963711293
2847,-1.164411757343499,-1.2284105520875697
2848,-0.8732479782991631,-0.9205431557039889
2849,-0.8806208325910938,-0.9319170027854584
2850,-0.9366994181344676,-0.9631217040419467
2851,-1.1032159947609717,-1.2176389422051264
2852,-1.0718702586122262,-1.1072037360352611
2853,-1.283910212590713,-1.2983546674283177
2854,-1.0148560954618824,-1.0674646880502583
2855,-0.6404125191444574,-0.681271988116465
2856,-0.9641313867051472,-1.013973506006855
2857,-0.7901898077292036,-0.9011809844292946
2858,-1.1295216924460358,-1.1677236965146283
2859,-0.92913809487986,-1.013686165909613
2860,-1.1159904714702635,-1.2515804754265536
2861,-0.9911024265511093,-1.072611039028411
2862,-0.971251880475717,-0.9523101178724485
2863,-1.4633369177810909,-1.4832100293233985
2864,-0.9812238509838398,-1.1060851923222224
2865,-0.522960107455882,-0.5672558461809987
2866,-1.143618016279945,-1.1524549481261253
2867,-0.7806566778079483,-0.8321972073088204
2868,-0.823134608046953,-0.8990951105259075
2869,-0.8193540979725445,-0.8429765598732974
2870,-1.0935688443886218,-1.0969793269478316
2871,-1.1157973514970885,-1.1513338216527225
2872,-0.9692851388177206,-1.0307710023710537
2873,-0.8531362890273102,-0.8941267726496194
2874,-1.0193577478098317,-1.1238910108265403
2875,-0.7960276983480538,-0.8568979045656828
2876,-1.2747690760812094,-1.3605130562710614
2877,-0.9648659996284072,-0.9819079448698953
2878,-0.9897991224776866,-1.091727100316986
2879,-0.9595883761422108,-1.0396243385024289
2880,-0.9157124388125516,-0.9124062601764766
2881,-0.8667314468428146,-0.8752920548500478
2882,-1.058086213215377,-1.108905563590904
2883,-1.3043266784313112,-1.319977592265736
2884,-0.652806504717413,-0.6816220886446799
2885,-0.9835289688997492,-1.0297023173395696
2886,-0.7855904000674108,-0.798774532449392
2887,-0.8026336329851964,-0.8413238891420802
2888,-0.955117428949637,-0.9693536490907536
2889,-0.7251832383547643,-0.8214980823203102
2890,-1.0067339516425318,-1.0352124140879855
2891,-1.1106836888217186,-1.145787731981577
2892,-0.7519542829010838,-0.8623514419951112
2893,-0.6480167420335519,-0.6945751270223095
2894,-0.6404988343202616,-0.6499792378169753
2895,-0.7307871007180029,-0.7404588844954546
2896,-0.6252631752990013,-0.6665086103415359
2897,-0.637585485628409,-0.7051684815341632
2898,-0.9968427752339564,-1.0818419600722575
2899,-1.0257640938426174,-1.0388450497199275
2900,-2.609177785761216,-2.369982327129038
2901,-1.248658105384472,-1.234339565843778
2902,-1.0839377493821374,-1.0627850346778365
2903,-1.4484006722768148,-1.4083317747546737
2904,-1.2859947845853608,-1.2123753770300987
2905,-0.7967850635218066,-0.7890928339946062
2906,-1.196278233917392,-1.1511409734021725
2907,-1.0191999932592228,-0.9912928876963458
2908,-0.5858446729275607,-0.6189578926115711
2909,-0.6481173215089021,-0.5460928493686608
2910,-0.8816376527150472,-0.8016026460837438
2911,-1.025630454222361,-0.9924097738978759
2912,-1.979839946542468,-2.120674325217346
2913,-0.92859420111013,-0.8724855962667561
2914,-0.7166683683171868,-0.7046243963660035
2915,-1.4418295456303492,-1.439106208930232
2916,-0.9056073635816574,-0.9065787944594046
2917,-1.2345523399900096,-1.2094119942306127
2918,-1.2513346288396023,-1.1960070601133748
2919,-2.269467771053314,-2.2609028732951413
2920,-1.3745782054387603,-1.2757316889886132
2921,-0.6929502792136614,-0.6563551520014494
2922,-0.8733214081787481,-0.9103475979519482
2923,-0.9423520260078962,-1.067644048406433
2924,-1.1652890721032785,-1.0821645696267064
2925,-0.4720658313396365,-0.4750916555806289
2926,-0.6630956803181375,-0.6753689568337651
2927,-2.0674772366233496,-2.1605982403042674
2928,-1.7721521967933291,-1.7546802796939311
2929,-1.1926033739690427,-1.1978419949590184
2930,-0.7444427404552698,-0.7293695372440849
2931,-1.3678021475120827,-1.321284716616483
2932,-1.1481255674734712,-1.180849496136771
2933,-0.6373755540698767,-0.6040958052274927
2934,-1.0405514203300772,-1.0568774915615502
2935,-0.735147757123607,-0.7605763279111355
2936,-0.8921427794478156,-0.9334040553925591
2937,-1.1667189672011735,-1.2155533106215852
2938,-0.7100099634936475,-0.6816375624923363
2939,-1.458484779032626,-1.428085879603436
2940,-0.6287459951180678,-0.6589151249956817
2941,-0.5986600532088169,-0.5576703060597286
2942,-1.2817792864732964,-1.2138049359640062
2943,-1.4176942729210669,-1.361174731119552
2944,-1.1860276702791452,-1.2011286036028062
2945,-0.887031557969749,-0.8464896914139366
2946,-1.0654202060423037,-1.0034879640739636
2947,-0.7066071874411531,-0.6993747632009775
2948,-1.043056628533772,-1.0791135057024823
2949,-0.4202770902149713,-0.40540632600920246
2950,-0.7981217512860894,-0.7594870107851166
2951,-1.4930077301439388,-1.5766437289477178
2952,-0.8934393234031145,-0.9107563881109964
2953,-0.7460387704908386,-0.7522704399971976
2954,-1.036685953848064,-1.0424451195886542
2955,-0.6432128633771624,-0.6406999610540954
2956,-0.9918521439382272,-0.9731778664587001
2957,-1.004133338151976,-0.9732278446167365
2958,-1.091958897188306,-1.0078324242760712
2959,-0.7890614082415899,-0.8016872498681291
2960,-1.1954376290934954,-1.1718007189467574
2961,-1.042460760101676,-1.0693213359568514
2962,-1.10190289914608,-1.1471359369080663
2963,-0.9943669140338898,-0.952457463469558
2964,-0.8455811674778279,-0.8552848333639731
2965,-0.4152791204615536,-0.42229559632131375
2966,-0.7131474378497101,-0.7188027395398098
2967,-0.9829262088435564,-0.9909904124768539
2968,-0.7400884896285774,-0.7438790448341548
2969,-0.8437166953271673,-0.7766012644191632
2970,-0.580698741806878,-0.5091668293498712
2971,-0.6797277483829233,-0.6476661370920437
2972,-0.8071767091751099,-0.767432408894656
2973,-0.9051786614581944,-0.84110140104389
2974,-1.138547093467375,-1.1229520011133338
2975,-1.818915781221892,-1.7533675627046
2976,-1.497663406321877,-1.3603368044656199
2977,-0.867029208985586,-0.8453720537411986
2978,-2.055497230905475,-2.057571099369281
2979,-0.6358316443183205,-0.5778974691541897
2980,-0.6576121731321941,-0.639902524256821
2981,-0.5975664817085562,-0.6273396014807514
2982,-1.6499089363009432,-1.6575532503297663
2983,-0.4749634157527577,-0.4558035448990828
2984,-0.5611731100082398,-0.5251811578107248
2985,-1.0109144282895466,-0.9925747495004711
2986,-3.375260046550206,-3.1037222103794835
2987,-0.9577827220782638,-0.8870940873861355
2988,-0.8751780044200809,-0.8847984045598157
2989,-0.9131430999948345,-0.943889057889547
2990,-2.0750464408294014,-2.1141069277202758
2991,-1.5091140635551945,-1.4602259396120618
2992,-0.7069150418043136,-0.7085394881864736
2993,-0.4825074419261902,-0.4438385163617589
2994,-0.8813051013059394,-0.894949185375155
2995,-0.7085955748334527,-0.6999710352371369
2996,-1.0095932529878249,-1.045245510426621
2997,-0.5127330140550007,-0.4922680343479965
2998,-0.7512052422389388,-0.7559331684605988
2999,-0.9100502600041472,-0.9198061731805017
3000,-0.7470792356387589,-0.8006923301915658
3001,-0.9437838340627736,-0.9350520690359547
3002,-1.032735357912936,-1.050228658545295
3003,-1.0384628587914992,-1.082461704834327
3004,-0.98303259990012,-0.9967409950718137
3005,-0.8288979798324349,-0.8630123736462548
3006,-0.6120489789533985,-0.6239089717790919
3007,-0.9707032996554708,-0.9822369187528976
3008,-1.2323457649511884,-1.2078034773834425
3009,-1.0975677024486452,-1.10901369867968
3010,-1.175967355107152,-1.1562835088846075
3011,-1.617222737479996,-1.6455035757670167
3012,-1.971452593803405,-1.9682800151073867
3013,-1.2434378608328398,-1.2551497963289102
3014,-0.6314665550409362,-0.6701653677195788
3015,-1.0496855610981584,-1.0984335502241505
3016,-0.950352809225866,-0.9898979274522708
3017,-0.9924391360245934,-1.0268011201666227
3018,-0.8927599903224974,-0.8835034852995952
3019,-1.0277370454729065,-1.0142890078900653
3020,-0.8750888146171274,-0.8758982380246231
3021,-0.8153825129649436,-0.8221400746382267
3022,-0.8938951806504597,-0.9128686492385334
3023,-1.143519399702087,-1.189075827627037
3024,-0.8848750267842019,-0.8522018118293092
3025,-0.3855243778636313,-0.4069916966776915
3026,-0.8465921684753063,-0.8112751682789757
3027,-1.0987233265425809,-1.091682785799847
3028,-0.9072581252386404,-0.8928446162972388
3029,-1.038507026295329,-1.0451846941494627
3030,-1.2622424779936323,-1.2267331807091866
3031,-1.139204081638839,-1.100678900702349
3032,-1.292471916176552,-1.3487431556111418
3033,-0.7811470632405244,-0.835104970682813
3034,-0.9145258434059084,-0.9247136419643701
3035,-0.9085556952528252,-0.9198188387936961
3036,-0.83333447376887,-0.8541256755230867
3037,-1.0293586309566054,-1.104528844533945
3038,-0.7848758022914561,-0.8152715757930822
3039,-0.8599040101664935,-0.9088818069464613
3040,-0.6359712463158828,-0.6507565939352744
3041,-0.8347331904625708,-0.8346163338303323
3042,-1.0514592357384145,-1.064858234880253
3043,-1.2922844859056697,-1.2435601964863194
3044,-0.9785590171813964,-1.00119704005003
3045,-0.8846705412679865,-0.8466456840452112
3046,-0.8544296711448609,-0.8463401325772647
3047,-1.217207532520442,-1.2008285950630073
3048,-0.8705176041107769,-0.884102218561045
3049,-0.8941540579463161,-0.9416754773073401
3050,-0.9291476519532906,-0.9275709969933813
3051,-1.169961735259655,-1.1971910677627389
3052,-1.036331526992857,-1.0631387370010745
3053,-1.2937114811682886,-1.2960201342047009
3054,-0.942429686701575,-0.9768267573255854
3055,-0.6336268787236177,-0.6564393698526296
3056,-0.9793626162432884,-0.9944412788824613
3057,-0.975583035816518,-0.9150500239423944
3058,-1.1646155775055405,-1.173812800799841
3059,-0.8946396278780561,-0.9756769520494175
3060,-1.2419313247813737,-1.2634614215265147
3061,-1.0179908552835153,-1.0377077458638404
3062,-0.927027706027955,-0.9201833353428235
3063,-1.5174932886463728,-1.4818893055982028
3064,-0.9978797839238094,-1.014128629981234
3065,-0.5061376464459323,-0.5151359482711407
3066,-1.1148291955622591,-1.1146715258373883
3067,-0.7877333524615265,-0.7587759003385283
3068,-0.8417158163795175,-0.8804187034464737
3069,-0.7564449901728667,-0.7800340751959779
3070,-1.0326887249022492,-1.07487702838215
3071,-1.11073622315429,-1.1347001571595012
3072,-0.9646100101544876,-0.9988013632423722
3073,-0.8465818351553392,-0.8584656571066713
3074,-1.0229608818542126,-1.1272373158944562
3075,-0.7929269328581549,-0.8359114095214448
3076,-1.3412330483281336,-1.368929447106932
3077,-0.9338874973992044,-0.9640507905812681
3078,-0.955659587253896,-1.062833377252335
3079,-1.06064877974785,-1.0713025110473544
3080,-0.869476409845574,-0.8578968818141826
3081,-0.861094827799834,-0.855017780632287
3082,-1.0202332624169284,-1.0692269572162478
3083,-1.2889407651368965,-1.2691194131148902
3084,-0.6277168854227606,-0.6872654641981499
3085,-0.9569998730060666,-0.9791104545575554
3086,-0.7838174825490907,-0.7584426256454763
3087,-0.774024298024732,-0.795388598432762
3088,-0.985451621602672,-0.9409315364570675
3089,-0.7541741881259653,-0.7929501920848965
3090,-0.9939963808355404,-1.0255161110548054
3091,-1.0471623137939807,-1.0952161469576427
3092,-0.8285819865012354,-0.8426316983918675
3093,-0.6445115176282188,-0.653910326627251
3094,-0.6109769827202906,-0.6366310286310399
3095,-0.7573184431061264,-0.7472053366674158
3096,-0.6627864310907763,-0.6545912157231166
3097,-0.6557758917180143,-0.6609040461541923
3098,-1.0203636616699456,-1.05404689887342
3099,-0.9937532825987468,-0.9983406806643487
3100,-2.554939157822553,-2.5658252283524585
3101,-1.1750472626944846,-1.279933251638543
3102,-1.0071476975152658,-1.1101514275266178
3103,-1.350873549779256,-1.5006310793808997
3104,-1.3527237711281612,-1.2109653327290908
3105,-0.7775446333626445,-0.8017135125029956
3106,-1.1818218012245334,-1.2093465387192448
3107,-0.9952032381249952,-1.0047057168657123
3108,-0.6014335811600204,-0.6581933751382566
3109,-0.621758672926161,-0.6244054626000027
3110,-0.8687765836715698,-0.8586950679443333
3111,-0.9938778320948284,-1.0443510217743581
3112,-1.971116415091924,-1.9683018807966033
3113,-0.8400142775025479,-0.8946131937798858
3114,-0.7350508887320757,-0.8276038891014582
3115,-1.4654918246799045,-1.4599098225995732
3116,-0.906745046377182,-0.9554262743535639
3117,-1.208888285843901,-1.2434302924371758
3118,-1.1723546474829487,-1.2396827740313952
3119,-2.2163016958670183,-2.3725768276689196
3120,-1.3613122609945445,-1.3311219182192013
3121,-0.6929262340530868,-0.6782129964829788
3122,-0.8208583942273768,-0.9323945127711755
3123,-0.9315199325251023,-1.09822271567195
3124,-1.0490038829256398,-1.1857554716333019
3125,-0.4631073382473731,-0.48306752396756275
3126,-0.6102518905964933,-0.6830707136081086
3127,-2.053365375684656,-2.2200291096993174
3128,-1.7544591483615697,-1.8409354600267878
3129,-1.2502861398237723,-1.2804718364651417
3130,-0.6984785422682762,-0.7886844734044115
3131,-1.32243401032907,-1.376849743774949
3132,-1.1257325410842896,-1.209331486041145
3133,-0.620154251344502,-0.6221874583100928
3134,-1.0084702284761178,-1.0742192122855272
3135,-0.7238968564558399,-0.7667132214243169
3136,-0.868342558091337,-0.9721180694262032
3137,-1.1205064455668132,-1.2436420993482837
3138,-0.6681673282713402,-0.7210605004226437
3139,-1.4402909565341564,-1.4878188909671937
3140,-0.6328729171019334,-0.6512120659347095
3141,-0.5799561313880507,-0.59349700720365
3142,-1.2565505597018456,-1.2919466369457615
3143,-1.346806480903034,-1.3910444472207533
3144,-1.1961109209805727,-1.3037369961872223
3145,-0.8560341503471136,-0.8583642728854729
3146,-0.973164981690006,-1.101247237844165
3147,-0.63403754548509,-0.7274518728661122
3148,-1.0252135225704735,-1.0457005161581248
3149,-0.4145669243228969,-0.4206323885366373
3150,-0.7714600190520287,-0.8285405862284096
3151,-1.4459343289220057,-1.5652550171336717
3152,-0.8952187105666759,-0.9570317167386799
3153,-0.7122505265612935,-0.789433770340632
3154,-1.010414496064186,-1.0665439184506256
3155,-0.6321898755573091,-0.6524972335046646
3156,-1.009215371553288,-1.0731553074470106
3157,-0.9970606741055038,-1.0023107818008585
3158,-1.0168435294181108,-1.0962451893429084
3159,-0.7788933058579762,-0.7956428813356281
3160,-1.1319449326788733,-1.1676797398077345
3161,-1.0284682344645262,-1.0983431717979186
3162,-1.0910712078213691,-1.1864125036464312
3163,-0.9471594300121068,-1.0020034114841558
3164,-0.8269445538520813,-0.9048223720137459
3165,-0.4096480006845588,-0.4436059251015576
3166,-0.6699605293052141,-0.7347532057642107
3167,-0.9433749590733256,-1.0130093160509333
3168,-0.7584921250971712,-0.7565929549014806
3169,-0.840511909751005,-0.8465649228407252
3170,-0.57127036556365,-0.5847458726532365
3171,-0.6175492225691329,-0.715154134626101
3172,-0.7966143780825089,-0.8242255245668823
3173,-0.8633023323491216,-0.9098204352924372
3174,-1.1614289431445366,-1.1577754129677094
3175,-1.812496448818006,-1.863262830115047
3176,-1.451418756183825,-1.4597013093736528
3177,-0.8077118888733879,-0.8216635622893975
3178,-2.0021071072780723,-2.246273100190287
3179,-0.6261480483141812,-0.6051851964473005
3180,-0.649071967879007,-0.6774259516312032
3181,-0.5894734628440798,-0.6159292631459186
3182,-1.591327707896861,-1.682711060064996
3183,-0.4408181689002297,-0.4659168062422152
3184,-0.5114626550674438,-0.5258549927006256
3185,-0.975138596786085,-1.0319625137977995
3186,-3.067870821271624,-3.2702120943602684
3187,-0.9476143755018712,-0.9620908658013351
3188,-0.8536057832629181,-0.9045439477911595
3189,-0.8697132933030435,-0.9781553349870782
3190,-1.99512703522392,-2.2951415434435565
3191,-1.447645737278846,-1.579128532388155
3192,-0.6766005694866181,-0.6933795778758095
3193,-0.4731097803341122,-0.497395438983458
3194,-0.8775625672451285,-0.9107078086703728
3195,-0.6853520553559065,-0.7506179855575016
3196,-1.0356441311133924,-1.0814596046282832
3197,-0.4920074847317481,-0.48991499825498463
3198,-0.7301960829645395,-0.7943084928842149
3199,-0.8351118305856867,-0.9512572290419985
3200,-0.759977053302203,-0.8002092940507214
3201,-0.9323931233636265,-0.9297273153316757
3202,-1.0542791767637858,-1.0465861876228295
3203,-1.013713567755943,-1.078519096047919
3204,-0.9695336125617804,-0.9953437357188295
3205,-0.8173601276190706,-0.858987302208944
3206,-0.6134199948273888,-0.6212238951767797
3207,-0.9169118238049884,-0.9761482776254776
3208,-1.2434913252675257,-1.20036930583372
3209,-1.1408140077147373,-1.1089228813356418
3210,-1.2060757727586022,-1.1519195072724913
3211,-1.6635083143527691,-1.6437062847141006
3212,-1.9870743155479431,-1.9641880234475502
3213,-1.2733907445532378,-1.2491633702261826
3214,-0.6232582940611728,-0.6639387981262657
3215,-1.0793174607679248,-1.097986099824604
3216,-0.9655591480491698,-0.9870816595120587
3217,-0.993385256722916,-1.0217253434288938
3218,-0.901234274686769,-0.8786421778446495
3219,-1.0536104717919992,-1.0097125354282344
3220,-0.8547814557718676,-0.870588546743068
3221,-0.8480822430100552,-0.8154424078048628
3222,-0.8708765857903532,-0.9092200308521696
3223,-1.1554089470427165,-1.1855704156410776
3224,-0.9001961955728457,-0.8393210462803727
3225,-0.3882256206284221,-0.4082028859108465
3226,-0.8422072210977244,-0.8011037157875831
3227,-1.1048287365787712,-1.0886481895471016
3228,-0.9375191390976424,-0.888783522565463
3229,-1.0152105287063953,-1.0376945256523111
3230,-1.248168795607811,-1.2222345269519677
3231,-1.1433557234993277,-1.0942370637190872
3232,-1.295775254567464,-1.3431735481994604
3233,-0.7832264410432919,-0.8307004246166586
3234,-0.9208490063053693,-0.9188077860522624
3235,-0.9360226392745972,-0.9136052060078609
3236,-0.8307361235221227,-0.8505458833084844
3237,-0.9772322057753572,-1.1019221731325834
3238,-0.8009886381238006,-0.813422196102229
3239,-0.8978100543798402,-0.9041705917340755
3240,-0.6277819303365854,-0.6508017275636276
3241,-0.8326855639154597,-0.8255746787305428
3242,-1.0298797612966493,-1.0559816773271158
3243,-1.287611449411673,-1.2347782160726148
3244,-0.950600036354952,-0.9972614114083515
3245,-0.8795989530031071,-0.8427689263075847
3246,-0.8599776151612049,-0.8384909525357721
3247,-1.2232547388520352,-1.194368683396595
3248,-0.8986339596814887,-0.8783181320456075
3249,-0.8861647252888643,-0.9412379261039495
3250,-0.940282760664474,-0.9191479159438127
3251,-1.1675951268321785,-1.1936224939084066
3252,-1.0645249296528425,-1.0610487858447444
3253,-1.2820406597714091,-1.2917394442548413
3254,-0.9197552934173464,-0.9715930853145232
3255,-0.6432577972264253,-0.6531406163762435
3256,-0.9945789649505024,-0.9877991136270227
3257,-0.9380805436954942,-0.9066769686665667
3258,-1.162201631900876,-1.1697146269454588
3259,-0.9122004915577496,-0.9718747739385762
3260,-1.2656078699023223,-1.2597410033018657
3261,-1.0293081546014593,-1.0329084788037313
3262,-0.9338423669800278,-0.9189280500394992
3263,-1.5007904047189755,-1.4781277645142905
3264,-0.9784828222714936,-1.0072527559138393
3265,-0.5255762911582178,-0.5114528343345907
3266,-1.1127390223880147,-1.1106781880659546
3267,-0.7698293009469676,-0.7529391127923002
3268,-0.8902303553366846,-0.8742420601310669
3269,-0.7698109963143519,-0.7729752653068017
3270,-1.0591915420783582,-1.0753617326626947
3271,-1.128109837687293,-1.1279252808840785
3272,-0.999803947847943,-0.9949080648678893
3273,-0.8430761810421019,-0.8526126182021923
3274,-1.0298957140870797,-1.1229384135316567
3275,-0.7897991785960915,-0.8324649507308746
3276,-1.351396353669869,-1.3645484486110806
3277,-0.935401524684226,-0.9612382784482703
3278,-0.9681897810263228,-1.0587666496997008
3279,-1.0776771054429524,-1.0694896669940672
3280,-0.913426168205202,-0.8513398279370835
3281,-0.863266107647918,-0.8517508977061927
3282,-1.0176880710808809,-1.067341304343317
3283,-1.3207410028738569,-1.2665753774423236
3284,-0.6451456558029607,-0.6873051644754489
3285,-0.9831994272941766,-0.9726133819606844
3286,-0.761733472809311,-0.7515865832015388
3287,-0.7950724585111751,-0.791518191865186
3288,-0.9983556159707004,-0.9383607009293407
3289,-0.7796345209890558,-0.7890742870500637
3290,-1.0054679184921027,-1.0230363957313897
3291,-1.075455667436585,-1.0902527964069737
3292,-0.8797745954158694,-0.840603394890501
3293,-0.6479263204012731,-0.6483940987701736
3294,-0.6144559081596664,-0.6381293940938073
3295,-0.7909661124843036,-0.7395334520683993
3296,-0.653442052907722,-0.6435409272047681
3297,-0.6771428095277889,-0.6537095311677024
3298,-1.0076631150504416,-1.0501205944738554
3299,-0.99308839971705,-0.9949708081100016
3300,-2.6213771595674404,-2.582960595723367
3301,-1.2381112972895305,-1.2874467257661077
3302,-1.040126928063326,-1.1158927267282326
3303,-1.4400045182969836,-1.5100293522831632
3304,-1.389551195605048,-1.2132662735566158
3305,-0.779642104178436,-0.8039323080720332
3306,-1.2364896584530265,-1.2130443155166801
3307,-1.0129962983981584,-1.0066253474204798
3308,-0.617090571758359,-0.659338938835311
3309,-0.685825832096147,-0.6274257090609386
3310,-0.869773132460458,-0.8608848171018662
3311,-1.0332919518152872,-1.0505179941913
3312,-1.9870743155479431,-1.964186747187663
3313,-0.8826659557431243,-0.9010929016935005
3314,-0.7696150373667479,-0.8339434837445338
3315,-1.4640441470675998,-1.4604469365212411
3316,-0.9224114070336024,-0.9595994361278376
3317,-1.2430585290110387,-1.2460602281521498
3318,-1.2077597393386663,-1.2467848661401881
3319,-2.2866401293061,-2.39294409265634
3320,-1.3399317035308251,-1.336704771851393
3321,-0.712072958317838,-0.6805081423046155
3322,-0.847497474856493,-0.9407406356173512
3323,-0.9619769301525382,-1.1036152414532043
3324,-1.043352292489636,-1.200504841993246
3325,-0.4666667899420095,-0.4843387897017081
3326,-0.628540786661843,-0.6860125800347577
3327,-2.1341647946316264,-2.238484384995244
3328,-1.8473418610436576,-1.843671195052078
3329,-1.243911186854045,-1.2851020462745852
3330,-0.7202438842505217,-0.7944124222946263
3331,-1.3440799624831588,-1.3738215115133765
3332,-1.1516201822087169,-1.213725972974741
3333,-0.6328074177727103,-0.6242083594314093
3334,-1.0551379530928855,-1.0788740856578432
3335,-0.7539840844250465,-0.766210169261785
3336,-0.89635914970528,-0.9773095041118534
3337,-1.118641686069873,-1.250517378024083
3338,-0.6922324745673832,-0.7255206553245095
3339,-1.442309864731722,-1.492246776273947
3340,-0.6211160494731023,-0.6513089296091894
3341,-0.612064236818358,-0.5967097911022289
3342,-1.2937112224194431,-1.3029964649544814
3343,-1.3526623775792677,-1.3946992168317607
3344,-1.24791001342237,-1.312769580707347
3345,-0.8688169717788696,-0.8599443505995196
3346,-1.0356610270514004,-1.1070281507619364
3347,-0.7174655337666356,-0.7327197088223661
3348,-1.0405190416744776,-1.0407176868885548
3349,-0.4242888368777375,-0.4217322806312018
3350,-0.7934456840157509,-0.8339088645992122
3351,-1.4527191237885824,-1.5706517545219834
3352,-0.9045130799907124,-0.9613644423328422
3353,-0.7414543979851774,-0.7948300822490951
3354,-1.0437062419950962,-1.0684895721978267
3355,-0.6659872210215009,-0.6535062771944257
3356,-1.0524719676306082,-1.076501486913419
3357,-0.9966790103173072,-1.0045785245813708
3358,-1.0596965812146664,-1.1025449887305163
3359,-0.7877795974413554,-0.795512234806498
3360,-1.1417688094368277,-1.1705237352480817
3361,-1.0430267015472054,-1.1034038596354394
3362,-1.1145193725824356,-1.192900557531037
3363,-0.9867127118632196,-1.0066108509062779
3364,-0.8215813590930059,-0.9078045744550219
3365,-0.442364833293817,-0.4457353148113571
3366,-0.6977970479994782,-0.7361568216393088
3367,-0.9691824109055276,-1.015951349713382
3368,-0.7657788308091866,-0.7581050293011049
3369,-0.8658071211142133,-0.8527699712004931
3370,-0.5970426646489946,-0.5894552490880076
3371,-0.6584462592768114,-0.7214062420497848
3372,-0.8366345252309527,-0.8260153760808234
3373,-0.8681613588705659,-0.9144852519944451
3374,-1.1782388402297437,-1.1593249923764006
3375,-1.868113818921541,-1.8704958924622286
3376,-1.4499662763194034,-1.4684053030478657
3377,-0.8531672973481436,-0.8225326260145683
3378,-2.090431328975793,-2.2661447851514755
3379,-0.6538570685820146,-0.6067711595160702
3380,-0.681508694508279,-0.6780085661622742
3381,-0.6124280571013458,-0.6152354102679942
3382,-1.6145707174789077,-1.689451734633982
3383,-0.451137148250233,-0.467491135178727
3384,-0.518709487915039,-0.5272143433113426
3385,-0.996497912924419,-1.0315428698638522
3386,-3.26197806426457,-3.2965944882470293
3387,-0.9729081531986594,-0.9651607639824338
3388,-0.8622110305830489,-0.9068598029847987
3389,-0.9300642647874464,-0.98101188275575
3390,-2.0328746049300483,-2.317058748612213
3391,-1.4667389142897822,-1.5917664603241073
3392,-0.7010765105485917,-0.6948652826910039
3393,-0.4887243762729675,-0.5012640940788595
3394,-0.8589220795520517,-0.9111625740127254
3395,-0.7214330499991775,-0.7563047881950681
3396,-1.0529995666917904,-1.083044078091066
3397,-0.5082046800805616,-0.49202048009533084
3398,-0.7772190924733877,-0.796219756563474
3399,-0.850055920985318,-0.9551648591585692
3400,-0.7382415071014286,-0.8002092879166063
3401,-0.9328983569967336,-0.9297273639876109
3402,-1.0564502911974294,-1.046586212231342
3403,-1.0385297213413918,-1.0785191711285889
3404,-0.9646158541819846,-0.9953438158754065
3405,-0.8139573880868365,-0.8589873315974862
3406,-0.6108643537343934,-0.6212239545145426
3407,-0.8990494391714879,-0.9761482847693856
3408,-1.2511606382769207,-1.2003693073865522
3409,-1.1600070997726086,-1.108922966890171
3410,-1.2218041567839393,-1.1519195772179092
3411,-1.6499688586035928,-1.6437062514484877
3412,-2.000135830470494,-1.9641882798403068
3413,-1.2770040396784172,-1.249163448386952
3414,-0.6178144050198932,-0.663938821347707
3415,-1.0483046136796474,-1.097986115359911
3416,-0.961045269818269,-0.9870816949399506
3417,-1.0023979808008947,-1.021725364965515
3418,-0.9116350606430408,-0.8786422351573594
3419,-1.0554218929867412,-1.0097125328041703
3420,-0.8794923142869343,-0.8705886851010246
3421,-0.8383207302684932,-0.8154424678190386
3422,-0.8996059247689654,-0.9092201128432098
3423,-1.1726367353468905,-1.1855704209429296
3424,-0.905640725017518,-0.8393210752397553
3425,-0.385359603115636,-0.4082029152844488
3426,-0.8245518447816834,-0.8011036750988254
3427,-1.106982951016389,-1.0886482200328718
3428,-0.9504381492156392,-0.8887835951384475
3429,-1.0501468837723251,-1.0376946812061056
3430,-1.2769927359366602,-1.222234560978826
3431,-1.1434963220773742,-1.0942371274627936
3432,-1.3159577652465466,-1.3431735740497204
3433,-0.7665025688881097,-0.8307004703447989
3434,-0.9242787250252658,-0.9188078318785675
3435,-0.9189717889756196,-0.9136052203094056
3436,-0.8369015127420425,-0.8505459714943991
3437,-0.9980519178301788,-1.1019222124008026
3438,-0.7948389090308847,-0.813422195208658
3439,-0.859614281691322,-0.9041705257422368
3440,-0.627876852108882,-0.6508017557719357
3441,-0.8398242347924284,-0.8255747653049055
3442,-1.0055330039918884,-1.0559816283160461
3443,-1.2826177981472755,-1.2347782011820256
3444,-0.934661258098691,-0.997261435556776
3445,-0.9033247241678164,-0.8427690036603465
3446,-0.8569296983283335,-0.8384910371419825
3447,-1.218643584916758,-1.194368672081117
3448,-0.8776159452837567,-0.8783181747256924
3449,-0.8986269559047019,-0.9412380172065585
3450,-0.942008697709372,-0.9191479282650225
3451,-1.1757448634435963,-1.1936225760816082
3452,-1.062012842459272,-1.061048807072833
3453,-1.301665797714115,-1.2917394028116855
3454,-0.9175720362700232,-0.9715930183883694
3455,-0.6540577504061913,-0.6531406603617348
3456,-0.9948113167932792,-0.9877991081454222
3457,-0.9311455959497495,-0.9066769619734416
3458,-1.1829765794813172,-1.1697147349046888
3459,-0.9033518419709315,-0.9718748021944902
3460,-1.2480151791905247,-1.2597410091313512
3461,-1.0575672813164172,-1.032908527808257
3462,-0.9379699026891428,-0.9189280405007411
3463,-1.4993933263675188,-1.4781278035928007
3464,-0.9809551807550284,-1.007252706512473
3465,-0.5440858796585438,-0.5114529174736999
3466,-1.1237847306007562,-1.1106782684922443
3467,-0.7605783421863881,-0.7529391234276392
3468,-0.8978820392327715,-0.8742420675411863
3469,-0.7765511061794074,-0.7729753604931511
3470,-1.0527645830036134,-1.0753617696193187
3471,-1.133674797161605,-1.1279252713071521
3472,-1.0039304919945178,-0.9949080920905893
3473,-0.8595700642859289,-0.8526126701399936
3474,-1.022407097409862,-1.1229384351254346
3475,-0.7820020629241403,-0.8324649545941233
3476,-1.365223936332289,-1.3645485075467034
3477,-0.9393139329067496,-0.9612383767084697
3478,-0.9905090211897858,-1.058766602903801
3479,-1.0689794653553073,-1.069489690896516
3480,-0.9154093108435932,-0.8513398277921258
3481,-0.8602207658826843,-0.8517509457584105
3482,-1.028880143350409,-1.0673413450013192
3483,-1.338367606318274,-1.2665753435197924
3484,-0.6548873692188623,-0.6873052147837199
3485,-0.9785702884659286,-0.9726133736390777
3486,-0.771954340528148,-0.7515866280498064
3487,-0.7847135076227114,-0.7915181507274534
3488,-0.999198418255,-0.9383607100462694
3489,-0.7549361960832462,-0.7890742872468839
3490,-0.9891942517701968,-1.0230363411332928
3491,-1.075580589531004,-1.0902527765992118
3492,-0.8651551812194115,-0.8406033512663217
3493,-0.6528656556624775,-0.6483941227191882
3494,-0.6700165814991239,-0.6381293887065554
3495,-0.7779129946878715,-0.7395334013612981
3496,-0.630618553753047,-0.6435408638588968
3497,-0.6697177960891132,-0.6537094978520144
3498,-1.026737129965494,-1.050120632473808
3499,-0.9591300339661828,-0.9949708206943643
3500,-2.6393865276785458,-2.582960617030206
3501,-1.186940488889236,-1.2874464943526776
3502,-1.0083184611889744,-1.1158926748663618
3503,-1.3683061467276678,-1.5100290902317761
3504,-1.403655590682194,-1.213266552235082
3505,-0.7584954934526783,-0.803932330248183
3506,-1.2146200355218382,-1.213044300155786
3507,-0.9819975139558778,-1.0066252225186956
3508,-0.6094041563743768,-0.659338897809105
3509,-0.6699154995105885,-0.6274256654128968
3510,-0.8610391321636381,-0.8608848505300948
3511,-1.0272567788759868,-1.050518072282258
3512,-1.99915851865496,-1.9641870082832362
3513,-0.8124792917754299,-0.9010928054478232
3514,-0.7566546956077218,-0.8339434429007153
3515,-1.4617879423830245,-1.4604470291966354
3516,-0.9083038091659544,-0.9595993992352329
3517,-1.2503797961759937,-1.2460601190317329
3518,-1.1819032170306678,-1.2467848684558498
3519,-2.146803026849573,-2.39294372018668
3520,-1.2843496249272273,-1.336704609310749
3521,-0.6914942560269851,-0.6805079612039702
3522,-0.8176132920311718,-0.940740491414601
3523,-0.908195877260016,-1.1036151159821692
3524,-0.992343271425528,-1.2005048164581347
3525,-0.4623695879943611,-0.48433881007478147
3526,-0.6083312894022742,-0.6860124859810728
3527,-2.010195141253264,-2.238484163798408
3528,-1.8817620163872129,-1.8436711427984775
3529,-1.1842204994625516,-1.2851020519766319
3530,-0.6539517315104604,-0.794412321348263
3531,-1.347871047479135,-1.3738216515814106
3532,-1.0971241416409612,-1.2137258600571208
3533,-0.627603012137115,-0.6242083342461225
3534,-0.9921922914741576,-1.0788739510633647
3535,-0.7470930888671283,-0.7662100647900134
3536,-0.9065990447998048,-0.9773095176564245
3537,-1.0741175921388375,-1.2505173709283304
3538,-0.6751494107283945,-0.7255206304471459
3539,-1.4448478508365246,-1.4922467457245487
3540,-0.6188434729209313,-0.6513089586084192
3541,-0.5492849146672921,-0.5967096974818082
3542,-1.280293485915014,-1.3029963892138028
3543,-1.3427760656489882,-1.3946991688371277
3544,-1.1888954062014818,-1.3127693572773638
3545,-0.8757725656032562,-0.8599443053197289
3546,-0.9912779763124993,-1.107027998627538
3547,-0.6550452145495156,-0.732719548611988
3548,-1.0368063577583857,-1.0407179124605963
3549,-0.42483348988775,-0.4217322268948379
3550,-0.761951208114624,-0.8339088319867675
3551,-1.4362560057824896,-1.5706517021617055
3552,-0.8626782293467559,-0.9613643419556437
3553,-0.7254521190658096,-0.7948299744520341
3554,-1.0223151380196214,-1.0684895239415126
3555,-0.6818653685706002,-0.6535063627769435
3556,-1.0655372059622477,-1.0765014438419078
3557,-0.982179086337718,-1.004578455359321
3558,-0.9909236216917634,-1.1025447952194434
3559,-0.7814313560724259,-0.7955122672756845
3560,-1.113288262093714,-1.1705236521659526
3561,-0.998204916715622,-1.1034037509930128
3562,-1.0931094199419022,-1.1929004985954874
3563,-0.9425418870523572,-1.0066107869571344
3564,-0.7912989396315354,-0.9078042410807688
3565,-0.4377731584076189,-0.44573532848678526
3566,-0.6802415311798569,-0.7361567970543496
3567,-0.951596737832062,-1.0159512880871506
3568,-0.7597953330638797,-0.758104977748601
3569,-0.8201074054998945,-0.8527697995618436
3570,-0.5687120518987141,-0.5894551948489294
3571,-0.6311704715092977,-0.7214061646236881
3572,-0.8293900331672357,-0.8260153043389034
3573,-0.8343293853104115,-0.9144852360401226
3574,-1.1411537269575407,-1.1593249450121401
3575,-1.8345351783852828,-1.8704957025817008
3576,-1.4190898518813284,-1.468405354887621
3577,-0.8618968025086418,-0.8225325507551119
3578,-2.0109951279380103,-2.266144358982679
3579,-0.6224890123714101,-0.6067711815608352
3580,-0.6606422209924505,-0.6780083982674152
3581,-0.6072632425515226,-0.6152354779965215
3582,-1.552086636077526,-1.6894515130423682
3583,-0.4428468920967796,-0.46749112428547746
3584,-0.5170702266693116,-0.5272143937181883
3585,-0.9820306716963302,-1.031542662106554
3586,-3.122088761556716,-3.2965940214796245
3587,-0.9642963567748666,-0.9651606673582837
3588,-0.8410825184149335,-0.9068596897794923
3589,-0.8725883851357557,-0.9810118345042654
3590,-1.9594289116237475,-2.3170585831680253
3591,-1.4262888758413252,-1.5917663349457278
3592,-0.6906927078962326,-0.694865319752169
3593,-0.478943210887158,-0.5012640209873855
3594,-0.848535931387613,-0.9111625886313733
3595,-0.6883028596639633,-0.756304716639863
3596,-1.05061801736669,-1.0830440547122075
3597,-0.4953080406484678,-0.4920204219445992
3598,-0.7621103385463357,-0.7962197290521739
3599,-0.8003050541692927,-0.9551647467017325
3600,-0.8146260108134543,-0.8585534400525385
3601,-1.042899003316616,-1.1344379186283584
3602,-1.1427946617436964,-1.1869730750512266
3603,-1.1556623785994773,-1.19328523927976
3604,-0.9807184260020884,-1.0382688260837774
3605,-0.8923092276551002,-0.9683199456758279
3606,-0.6743169838143873,-0.7120743512569352
3607,-0.9334946972455164,-0.9992844493590943
3608,-1.368480275767718,-1.4097004161503468
3609,-1.108518685481345,-1.1496823550745052
3610,-1.2401747795962548,-1.1727290895707503
3611,-1.1415804572157808,-1.0712432368017266
3612,-2.281795024871826,-2.4202813404975054
3613,-1.3525703441901284,-1.447060395162754
3614,-0.7215379966321842,-0.8226627799186115
3615,-1.071203039959073,-1.1191813082678252
3616,-1.0468947545502536,-1.0929257755048718
3617,-1.0133946551833042,-1.0835397532368245
3618,-1.0678656378457712,-1.0217991877658263
3619,-1.1490910653920137,-1.1468269490698837
3620,-0.9399131379386252,-1.010557697487368
3621,-0.9474235200142676,-0.9400288914077294
3622,-0.8700005157973415,-0.8453480119945259
3623,-1.096930608268856,-1.2257466960124836
3624,-0.9714222120684248,-0.9249418363873121
3625,-0.3818414292783819,-0.38201998566233863
3626,-0.917973241140676,-0.9429338122635723
3627,-1.1359493908031966,-1.1011342360816214
3628,-0.9994079530701157,-0.9890742676179882
3629,-1.1242558216863825,-1.229729793120758
3630,-1.3265390876651737,-1.339639357871446
3631,-1.214492684186891,-1.2032014501586634
3632,-1.3888338961342508,-1.439280546032407
3633,-0.761794414631156,-0.8188838643196874
3634,-1.020265917445338,-1.0708075614759125
3635,-0.9755661182625348,-0.9908814528511247
3636,-0.9061755726734796,-0.9600082151927581
3637,-1.0860416907672734,-1.182355310948378
3638,-0.8271377382352371,-0.920605754117646
3639,-0.9735440348469934,-0.9807291204066306
3640,-0.6416863523996793,-0.677569213318957
3641,-0.9766283562017042,-1.0244506342568225
3642,-0.9861809994823248,-1.0962878104729852
3643,-1.3383128023886866,-1.2846392546851884
3644,-0.926937130994575,-1.04441348218064
3645,-0.9612179190613502,-0.9363217062788628
3646,-0.8172951157637468,-0.8252048454305373
3647,-1.2326440848121347,-1.2964376694565671
3648,-0.9707323553026184,-1.0064134511297522
3649,-0.885435279949691,-0.9242599397084452
3650,-1.0496659195700355,-1.0503549580461873
3651,-1.1700402202532274,-1.2716838534296686
3652,-1.129719242569088,-1.1978892460520478
3653,-1.2925689737926158,-1.3116142895229435
3654,-1.1042081699814907,-1.2477508436205935
3655,-0.758059775182443,-0.7423848730812871
3656,-1.0765281610710675,-1.0707342982910724
3657,-0.901821396147558,-0.8999974873496064
3658,-1.1687394639318305,-1.1793486507644446
3659,-1.0118076089740724,-1.0965644429822514
3660,-1.1675526550573896,-1.253423505673701
3661,-1.0403251564779947,-1.1520853855751254
3662,-0.9814012244690296,-1.0141753062115602
3663,-1.4246311418769897,-1.5028648637373663
3664,-1.138907330769759,-1.2866366760088974
3665,-0.6591131964395213,-0.6700206653499795
3666,-1.2292887221935185,-1.2354591594830018
3667,-0.853373786275701,-0.9854441650828442
3668,-0.9657621208087418,-0.9540750740723238
3669,-0.8432834573494371,-0.9767888785732715
3670,-1.1104780001233714,-1.1379674521133227
3671,-1.1342307846675548,-1.2012532322320781
3672,-1.0348944275878196,-1.1028580086482354
3673,-0.9554980993270874,-0.9800046019628694
3674,-1.044284275335859,-1.1321011954571305
3675,-0.8385584459895581,-0.9101433470455201
3676,-1.3562394805656848,-1.3642822888616737
3677,-0.965221882790558,-1.0280466843949003
3678,-0.9271878041038216,-1.1558092882061293
3679,-1.0009525984020555,-0.9957071120518823
3680,-1.0133230288823445,-1.0276272672269113
3681,-0.8944985995921053,-0.922761232338177
3682,-1.0262404800385467,-1.1923868966085587
3683,-1.3879862044208733,-1.4192934562509467
3684,-0.6651064776024729,-0.6752754253382294
3685,-1.0822314495264098,-1.1384904113067416
3686,-0.8687522928844127,-0.8895209330744911
3687,-0.8961816111276316,-0.9342048287292521
3688,-1.029156579527744,-1.0303709300814528
3689,-0.7776525695194569,-0.8828021839066459
3690,-1.0137339081875114,-1.0600702675811957
3691,-1.1794613701428551,-1.248378551338253
3692,-0.8410049667654111,-0.9052152331805554
3693,-0.7240244889444158,-0.7874833909877513
3694,-0.6349468834792511,-0.6710944243193232
3695,-0.840046810549359,-0.7539820676549032
3696,-0.7030153551767039,-0.7162171581855453
3697,-0.7308864196141561,-0.8082894383125169
3698,-1.077279304349145,-1.1477754458026925
3699,-1.0244045987609744,-1.124506702192994
3700,-2.4126506482853607,-1.967601766053545
3701,-1.2126922182334483,-1.1215331165745581
3702,-1.026499495949856,-0.9546259672088658
3703,-1.2727910253736707,-1.195049643538388
3704,-1.339268076008764,-1.2092785135639683
3705,-0.7755213347516319,-0.7574109138326395
3706,-1.1926592296483565,-1.0324758192317058
3707,-0.9580822462259336,-0.9564694879395044
3708,-0.5699446875919667,-0.5388426906200925
3709,-0.6602206024122826,-0.3902539375660498
3710,-0.7970483541488648,-0.6855604509557667
3711,-1.0044500668843588,-0.8823099418930267
3712,-2.281795024871826,-2.4204152701414645
3713,-0.8396053905634917,-0.8026620589802119
3714,-0.5926779732108116,-0.45789061091193356
3715,-1.5355584389633603,-1.384350645401394
3716,-0.8591850241025288,-0.8036065400773046
3717,-1.179766340773235,-1.1333776252276715
3718,-1.1401122383687687,-1.0887106850578694
3719,-2.2021247148513794,-1.991072006317116
3720,-1.2432029980879564,-1.1490933428439467
3721,-0.5905675167261168,-0.5956778845432822
3722,-0.7419196658018159,-0.8323021370117869
3723,-0.9368485009023384,-0.9823825257030866
3724,-0.8772628649260646,-0.8468104197520585
3725,-0.4572491507197535,-0.4570284736688713
3726,-0.6546003864717114,-0.6465106574411885
3727,-2.058643610581108,-1.9848539913763836
3728,-1.9882349116461613,-1.580461524945124
3729,-1.0754670368300543,-1.029864522503726
3730,-0.5915632415562868,-0.598850630949276
3731,-1.494110937471743,-1.2175397373638879
3732,-1.1114997789263723,-1.1097187087370126
3733,-0.5936645893380046,-0.5613842486085489
3734,-1.048359005950218,-0.9986949032943263
3735,-0.7865421522495358,-0.7443782271532952
3736,-0.9000593627041037,-0.8479373420415519
3737,-1.022896866465724,-1.1301684410718253
3738,-0.6026599820204607,-0.5955938989073133
3739,-1.3624785574831704,-1.3026781524390372
3740,-0.6366847395896912,-0.6741640681572193
3741,-0.541518817576327,-0.47246240242898613
3742,-1.0049829898878586,-1.0383929781663928
3743,-1.3664238286572834,-1.292973328604282
3744,-1.1275092707946897,-0.9801909867762131
3745,-0.8905514916405082,-0.8117002855582687
3746,-0.9916531003039816,-0.7969860718226572
3747,-0.6405220373656398,-0.6222149467647253
3748,-1.1713738782065255,-1.1518673488046265
3749,-0.428083676010815,-0.37622170393720034
3750,-0.7459902670234442,-0.6145786161418936
3751,-1.408079728599667,-1.5701045900606065
3752,-0.7912958490756131,-0.8103049999347377
3753,-0.7121349684027738,-0.6613292186698224
3754,-1.081505504436791,-0.9911575554254214
3755,-0.7122349776918926,-0.6233413301429239
3756,-0.9531218950138536,-0.7769015875339151
3757,-0.9850452315899751,-0.9053437790020852
3758,-0.9224402299150825,-0.826288656561421
3759,-0.7916301916042964,-0.8142611835925638
3760,-1.1608845420586047,-1.1656836947469429
3761,-0.94666120223701,-0.9839940747602232
3762,-1.1098317801952362,-1.0545102016910948
3763,-0.8854339402168989,-0.8441724943015556
3764,-0.8185033348890451,-0.7452531684101693
3765,-0.4518916800490811,-0.37439572764284346
3766,-0.6912755864535192,-0.682753579920748
3767,-0.8565188359844592,-0.9179725895621146
3768,-0.7085432830707047,-0.7164658448875244
3769,-0.7910487272942713,-0.6240617633027961
3770,-0.4990561226057627,-0.35876337751723214
3771,-0.5492061006930448,-0.49988890471569253
3772,-0.7993061007285605,-0.6471018945302666
3773,-0.7695780908688903,-0.7015019471657127
3774,-1.0471849547023266,-1.045891253985366
3775,-1.97807861001868,-1.5388200653968023
3776,-1.425845029479579,-1.1591694932523402
3777,-0.8889430988402593,-0.8695895721224437
3778,-1.819347345467769,-1.6445982297635753
3779,-0.6086660905317827,-0.5220410277809965
3780,-0.5928721289302028,-0.5596654427034633
3781,-0.6280209916506627,-0.6503061995651844
3782,-1.572272541911103,-1.5740571590069956
3783,-0.5484015269712968,-0.4323764623779435
3784,-0.557329839070638,-0.5229219085099747
3785,-0.9846190722413766,-0.9042404380347842
3786,-3.081588852973211,-2.7286579305015892
3787,-0.8988617779687047,-0.7292387051749935
3788,-0.8582684882851535,-0.8365926236975266
3789,-0.8910925705498511,-0.8676232982009353
3790,-1.8131520229837168,-1.723594707501037
3791,-1.340473473072052,-1.2061505702062127
3792,-0.7097886204719543,-0.7314460030374381
3793,-0.3996385908502293,-0.33337600834747877
3794,-0.8418744303459345,-0.8672795433910852
3795,-0.6504664234817028,-0.5870191346882915
3796,-1.0172778340273123,-0.9723253480604691
3797,-0.4846993010173472,-0.4867398884177184
3798,-0.7459866190329194,-0.6755345256796667
3799,-0.8400776866794557,-0.8423974431370194
3800,-0.827648073203804,-0.8864387146497141
3801,-1.054528349432452,-1.1183453604925089
3802,-1.1661925380544145,-1.2145614837288872
3803,-1.2162517965301989,-1.2044449115706695
3804,-1.0272829634274625,-1.0741808346485358
3805,-0.9522836568743684,-1.0213155458083942
3806,-0.7028522204983142,-0.7679583380642678
3807,-1.0589895996936531,-1.210366791057065
3808,-1.428134332331576,-1.489510368941151
3809,-1.0801366660021996,-1.1785113334275934
3810,-1.3281067230904748,-1.3167215119073794
3811,-1.7841486118652008,-1.6911546891211766
3812,-2.135984148297991,-2.323945636989526
3813,-1.420171595010601,-1.4731278895799402
3814,-0.7867553003074587,-0.8758331251560995
3815,-1.093537624925375,-1.1209916702519864
3816,-1.0628871298575586,-1.073807105178093
3817,-1.1123592419217725,-1.1664976365294715
3818,-1.0456063183703164,-1.0813632026461204
3819,-1.1729611407878786,-1.1663226450681987
3820,-1.0145208392032357,-1.1056844390102767
3821,-1.0249031144519185,-1.0985241753713177
3822,-0.9887868591057236,-1.054772654375379
3823,-1.2820619899173116,-1.2783519601443318
3824,-1.190240323081497,-1.2391846904904014
3825,-0.3786402553574651,-0.37281872773694413
3826,-1.0616635832675667,-1.0690989508094015
3827,-1.1870443700819977,-1.2074858172655922
3828,-1.0041797059450963,-1.0197810425415275
3829,-1.2180222263631897,-1.2634443127185417
3830,-1.3485392165738483,-1.4231178044559958
3831,-1.302579405695893,-1.3005114385812175
3832,-1.462498053099758,-1.525199968226083
3833,-0.8714517567508905,-0.9872814659755932
3834,-1.0470410816429196,-1.131972848044168
3835,-1.0490666701812152,-1.1066250329788851
3836,-0.943672181169192,-1.0480081498792568
3837,-1.108209448267323,-1.1633165204761737
3838,-0.8340485899947411,-0.8932517167866629
3839,-1.008254612139029,-1.0804253534546477
3840,-0.644430984900548,-0.671837768792446
3841,-1.0664386693821395,-1.191025474560775
3842,-1.1891172579092573,-1.2955815542966709
3843,-1.4504664378572805,-1.5157688254892405
3844,-1.0118266334829404,-1.1986514733245008
3845,-1.0113233993219777,-1.061250016464316
3846,-1.0337403205436049,-1.1012503509993148
3847,-1.361332386039024,-1.3857481437777213
3848,-1.0577056768328643,-1.09336050031607
3849,-0.941872900770616,-1.0198468570200019
3850,-1.1469599831011867,-1.1619986336588113
3851,-1.299419873444609,-1.3658952638786381
3852,-1.126301794089088,-1.20111173539749
3853,-1.3988034272378729,-1.3773128607339715
3854,-1.1453588803609211,-1.2059711442645387
3855,-0.7916970853657685,-0.8217593944176704
3856,-1.1619042749552764,-1.2005310674087775
3857,-1.1252842439237492,-1.111015745055588
3858,-1.2773590032444444,-1.3661155157856597
3859,-1.0494391132694807,-1.1354246548242766
3860,-1.3662855024485625,-1.4563336958751458
3861,-1.1484557870746583,-1.2138758482320706
3862,-0.970756824626479,-0.9835751448081794
3863,-1.5665622801743735,-1.634222206156342
3864,-1.1645341249612662,-1.2259781576947364
3865,-0.6398865575938262,-0.6389754511692411
3866,-1.2546362248502037,-1.2788801236373426
3867,-0.9289601274239,-1.0074476883981462
3868,-1.034231227497722,-1.0836576963072664
3869,-0.8939633212348287,-1.0145392068975458
3870,-1.0819510563399442,-1.1047220001458933
3871,-1.2328221816425176,-1.3240477816100156
3872,-1.1076531456422436,-1.1539721780397283
3873,-1.0119629201962963,-1.0793907978030797
3874,-1.173651328382566,-1.2488576978320025
3875,-0.8516786847494345,-0.989607490244808
3876,-1.467225943424905,-1.5271159558273781
3877,-0.9995997996293298,-1.1021162841004923
3878,-1.0460228384003158,-1.193720295234645
3879,-1.1631276314541446,-1.1582823175269905
3880,-1.040315030157104,-1.0551816158662088
3881,-0.9398824577183686,-0.9687666144149735
3882,-1.1084096450214238,-1.2094168724851593
3883,-1.3754456412884617,-1.3815502646507052
3884,-0.701586830166151,-0.7156850358370901
3885,-1.1263870934183284,-1.1783854902562976
3886,-0.9518392538839532,-0.9524833880301525
3887,-0.920476376548294,-0.9247484802142862
3888,-1.0436936700066854,-1.052016272870418
3889,-0.8984449972477995,-0.9046735013355729
3890,-1.0983850484670594,-1.0987771587476476
3891,-1.1576928436294085,-1.2405664652263702
3892,-0.9179974544880002,-0.9243326537107399
3893,-0.7818705471911171,-0.86191521375519
3894,-0.6141028494774541,-0.6228163920214128
3895,-0.9568463388339492,-0.9658965927552194
3896,-0.8665019643399142,-0.9122548953355905
3897,-0.8302134247713311,-0.9047207597819003
3898,-1.1323376616766287,-1.2174768721791658
3899,-1.0534520879272342,-1.1453240951922234
3900,-2.2590900869930493,-1.9584178460391581
3901,-1.1261714770812397,-0.9711425870297016
3902,-0.9326795505922896,-0.8683970192814954
3903,-1.192416911655002,-1.0074859704783197
3904,-1.360702370775157,-1.162891283745203
3905,-0.760713306508323,-0.7122458100911364
3906,-1.1676291738237654,-1.0369113439030264
3907,-0.9434262939201769,-0.8995343033248382
3908,-0.5675246373627537,-0.5408651412435638
3909,-0.6239971437571962,-0.4258190056845885
3910,-0.79994596299671,-0.6926512937775565
3911,-0.959427523612976,-0.8536722215717791
3912,-2.135984148297991,-2.324292755419666
3913,-0.7368303297101989,-0.6128336781202646
3914,-0.6230203825980425,-0.4981663083285847
3915,-1.518599682384067,-1.2902795116917216
3916,-0.8243572245041529,-0.7810899102195474
3917,-1.1469178310660428,-1.084196580275645
3918,-1.0537427211629933,-0.9505729438716133
3919,-2.0430426651781257,-1.6728532485896606
3920,-1.1543145317297716,-1.0470389421424502
3921,-0.60244395843772,-0.47245071961706386
3922,-0.6924038805612703,-0.5774725992240601
3923,-0.9122118376946264,-0.8070817524427764
3924,-0.7562346587809481,-0.667457705799414
3925,-0.4506215430045313,-0.44366622687707336
3926,-0.6155711255332296,-0.545133953639568
3927,-1.84957622445148,-1.566377879238431
3928,-1.936517079671224,-1.5996815072888484
3929,-1.0463621748818293,-1.0398973436452383
3930,-0.5724485404789448,-0.5290319610258172
3931,-1.643185677351775,-1.2956849214113504
3932,-1.0600754469633102,-1.010643960169845
3933,-0.5697705475613475,-0.5175984370176276
3934,-0.9267348161963528,-0.8231018104838338
3935,-0.776108421096506,-0.7162741283301683
3936,-0.8714887296611612,-0.8002063438933045
3937,-1.022404704907144,-0.9143814205128276
3938,-0.5887843961790791,-0.554646674072504
3939,-1.347020341444385,-1.2791088346971837
3940,-0.6411898044439462,-0.6700470923083477
3941,-0.4993004290632499,-0.38089705795278367
3942,-0.9914659335631733,-0.9195527594035633
3943,-1.2914576576661694,-1.238633513654769
3944,-1.0656660292297602,-0.8969682149784566
3945,-0.892615239135921,-0.7306067209299659
3946,-0.9375565034755762,-0.7486541443090148
3947,-0.5708605697912763,-0.4699869644928874
3948,-1.1669910209519525,-1.1852343208788951
3949,-0.4465242268434211,-0.3917748667433467
3950,-0.7236480945721269,-0.5878554115119698
3951,-1.3148172567057057,-1.338614295550891
3952,-0.7952224820159203,-0.7664886751276372
3953,-0.6693037849988124,-0.5465513125396438
3954,-1.0201648119837046,-0.9762792168888552
3955,-0.7233516413068014,-0.6761095142189772
3956,-1.004408094310021,-0.8430350413724208
3957,-0.9770461265430894,-0.8409721206397087
3958,-0.91593368165195,-0.822994198730397
3959,-0.7933414568503697,-0.8157468200544805
3960,-1.0649300305418266,-1.0528502270409899
3961,-0.9073997931554914,-0.7834669491587739
3962,-1.042708620429039,-0.9602278357341902
3963,-0.8503932384774089,-0.7915712907702301
3964,-0.8078390919245206,-0.6789814988041118
3965,-0.4256732800067999,-0.3415012886951536
3966,-0.6783948609995287,-0.656607249969652
3967,-0.8481951573098353,-0.7016627109856813
3968,-0.7013900113660235,-0.7058636589392708
3969,-0.7241758616395699,-0.5526460472840682
3970,-0.496267352785383,-0.39305421093908605
3971,-0.5445404385411462,-0.42607636436332036
3972,-0.7774477442916559,-0.6162062034256448
3973,-0.7422398515045643,-0.7106119164352348
3974,-1.0141256678420885,-1.0015380467574855
3975,-1.8763312917006645,-1.6208102825669601
3976,-1.256240022809882,-1.1776660519118307
3977,-0.8395119754094926,-0.6808707508783389
3978,-1.7300153934594356,-1.439951751815809
3979,-0.6207703937183727,-0.5223824249540148
3980,-0.6126399271247923,-0.5335620518551938
3981,-0.6304268393405649,-0.6471430846788576
3982,-1.491487470708152,-1.326374846673888
3983,-0.5428249077363447,-0.41137789453218143
3984,-0.5290420659383138,-0.516110716018798
3985,-0.9901565378026445,-0.844982178479719
3986,-2.814479237511045,-2.4651559706065687
3987,-0.8692403947934508,-0.6965325384859087
3988,-0.8470533411632213,-0.7764841947502537
3989,-0.9011670307281914,-0.8205859788279826
3990,-1.7323075688403586,-1.5712886123873926
3991,-1.227435213904227,-1.1248022360952437
3992,-0.6645336031913758,-0.6682875407117415
3993,-0.3732983183673047,-0.3275786324746178
3994,-0.864672159039697,-0.9030290039462814
3995,-0.5953942090272903,-0.515728995554201
3996,-1.0301837301993555,-0.9821408504202708
3997,-0.4488826176916906,-0.4065388175844307
3998,-0.7321224939078093,-0.6617040867944757
3999,-0.7583932442258495,-0.7418064868973674
4000,-0.8324437714362329,-0.9593419257644439
4001,-1.0522380697316136,-1.140552545741167
4002,-1.190183123876882,-1.2696984204218071
4003,-1.1727945850801098,-1.2068034652835176
4004,-1.0079316409059274,-1.1101016543163236
4005,-0.928570449814316,-1.058356668054466
4006,-0.7102720330851947,-0.8320996932559579
4007,-1.00381812014321,-1.2547759484602865
4008,-1.4202773654183676,-1.5469770325936416
4009,-1.1175825309383778,-1.2469609714966263
4010,-1.3922713976497798,-1.3453999744264955
4011,-1.829408116393037,-1.6820183637755792
4012,-2.2441703506878445,-2.561319191303138
4013,-1.4064694994785747,-1.5103076647226037
4014,-0.790825087894765,-0.8929108017367973
4015,-1.1008625710383058,-1.1301966002181696
4016,-1.0729992528294408,-1.0721839121835783
4017,-1.0816580870354822,-1.1517433291366903
4018,-1.073018794836,-1.1329385863387758
4019,-1.180642009705536,-1.1797665430864723
4020,-0.9845850153486858,-1.176043931779391
4021,-1.060188799865486,-1.1734618805953045
4022,-0.9535266022349512,-1.0867150887157808
4023,-1.2544544657995536,-1.2607775336154123
4024,-1.196472585663315,-1.2350502652711726
4025,-0.3755443371259249,-0.3754795724131017
4026,-1.0305740519087443,-1.0168492759762917
4027,-1.1807173259498538,-1.2317757489867174
4028,-1.0262245217034982,-1.023530767130859
4029,-1.1769556038139402,-1.25409574614165
4030,-1.33666510822237,-1.4844710788979514
4031,-1.2741013432657995,-1.3049024131623514
4032,-1.4550842878430388,-1.5327724232445945
4033,-0.8611268756925597,-1.0062245860551653
4034,-1.0441795809324397,-1.1606677281020152
4035,-1.025384500969288,-1.1047609675760406
4036,-0.9448168953259786,-1.1354027737712526
4037,-1.0614782719649083,-1.1424541080148614
4038,-0.8528323432271795,-0.9156504900265474
4039,-1.0572853624358658,-1.1096836698358459
4040,-0.646654855287992,-0.6948639033895347
4041,-1.0861898910167604,-1.27506021298555
4042,-1.1799344286438107,-1.255852390088774
4043,-1.4405409846194954,-1.5215317373916348
4044,-1.0177674275036006,-1.2786310088399602
4045,-1.0057125618291456,-1.1606514430401873
4046,-1.0313864430104651,-1.118313460975505
4047,-1.3217118377833403,-1.3742815508602426
4048,-1.0569000327309896,-1.1278967750425353
4049,-0.9454743122869684,-1.0863972204480878
4050,-1.1464006374048632,-1.1401870402874008
4051,-1.299425575160241,-1.4278161899525548
4052,-1.138243978337724,-1.2775495989739494
4053,-1.3649668767470722,-1.3274133362907596
4054,-1.1006479309510817,-1.2780391510786937
4055,-0.7909317201422167,-0.8886100060308982
4056,-1.1835711371991062,-1.2051025474897634
4057,-1.090935881747756,-1.0513149082469033
4058,-1.2708085331805916,-1.4357507884226222
4059,-1.0419760277104932,-1.180886790400106
4060,-1.412526759990426,-1.5383140446042767
4061,-1.162990908290065,-1.2451357515760453
4062,-0.9507338723470998,-1.0095084136615546
4063,-1.5463772873545802,-1.6733448651260587
4064,-1.1460129022598269,-1.2291806331027582
4065,-0.6678256276966066,-0.6513168681138387
4066,-1.2439885315044903,-1.3229658663517943
4067,-0.9064040193262026,-1.0807658720843818
4068,-1.0632517485655557,-1.0997988100208358
4069,-0.886869471202525,-1.0352819117309255
4070,-1.084377366443013,-1.1504217922884128
4071,-1.218180168506711,-1.3073166291857472
4072,-1.1727564205494962,-1.1919033230075289
4073,-1.0094325671824371,-1.123745917393756
4074,-1.1484673272731691,-1.2397513967318716
4075,-0.8621608788988232,-1.0399379134280144
4076,-1.493868985841441,-1.5529560986279138
4077,-1.0088359764380048,-1.1561530092185202
4078,-1.0543608415958494,-1.2013462620023134
4079,-1.158823754827855,-1.1910486821413646
4080,-1.0855770563894465,-1.0533724211715247
4081,-0.9450588170872178,-0.983717805525319
4082,-1.140328051507935,-1.2944889799406643
4083,-1.3955170544543007,-1.417654641410713
4084,-0.6924594067177683,-0.7460683061861524
4085,-1.137999978176383,-1.1804849984145167
4086,-0.9127574595370034,-0.938038537404482
4087,-0.9514599881430928,-0.9369205111605072
4088,-1.0714611249376638,-1.0859056884438445
4089,-0.9041512640871744,-0.8985861884064024
4090,-1.081122823463854,-1.0967113214566853
4091,-1.170853383781374,-1.2351109690867301
4092,-0.9655969068985576,-0.9449769510294872
4093,-0.7951449183530586,-0.903505433792159
4094,-0.6498161569426332,-0.6552977039057029
4095,-0.9411477885505024,-0.9513332198396666
4096,-0.8815363968989646,-0.8324795945759046
4097,-0.8505206560903742,-0.9307884664212187
4098,-1.1291413926338965,-1.2628510511284823
4099,-1.051633820977322,-1.191154388110802
4100,-2.278441716642941,-1.86894533532404
4101,-1.1106894774030345,-0.8883676547342422
4102,-0.9381328202033228,-0.7992004284532849
4103,-1.229682273334927,-0.7943169796081704
4104,-1.3185838255388984,-1.1852231189364906
4105,-0.7623410335806913,-0.6895666227244952
4106,-1.1873794429156246,-0.9751864536747794
4107,-0.944686869318171,-0.8514351960143848
4108,-0.559429219526838,-0.45619836778468736
4109,-0.6182528013064538,-0.3161792202786443
4110,-0.7985890660967145,-0.5905309851878725
4111,-0.982410717010498,-0.8501118127830222
4112,-2.243782000882285,-2.561279395888041
4113,-0.7360298347103503,-0.5255765394054953
4114,-0.5953282723203301,-0.35766857626427595
4115,-1.5018890235159132,-1.13302817162567
4116,-0.8330329100290934,-0.7322156680135482
4117,-1.1463006448376087,-1.002765344446389
4118,-1.066120177849956,-0.875174925598972
4119,-1.9435593756762417,-1.5893217431356526
4120,-1.1157865065794723,-0.9294969643664602
4121,-0.5727096694384435,-0.332876306674323
4122,-0.6859839398686479,-0.47330867080607525
4123,-0.8999287176501843,-0.6763754564676495
4124,-0.7210694939591163,-0.5950915269996954
4125,-0.447634268176648,-0.44283527648218013
4126,-0.596671836320744,-0.49525653699873773
4127,-1.8508340794107188,-1.4705710755787165
4128,-1.8939130022412247,-1.4374238309350647
4129,-0.9984006572652746,-0.9373185480656979
4130,-0.5475807879120111,-0.4410633411973564
4131,-1.487652752134535,-1.1181617805874196
4132,-1.0329832434654236,-0.9436857185029843
4133,-0.577782578766346,-0.473249562255402
4134,-0.9337580093117648,-0.7104780233414352
4135,-0.7963107935217923,-0.6488816656874782
4136,-0.8884987194429744,-0.7855214337738126
4137,-0.9777271340983784,-0.7907429498034698
4138,-0.5577082699678075,-0.5228329859027173
4139,-1.3067678083745085,-1.2029112513478575
4140,-0.6436157730909494,-0.692380113999328
4141,-0.4822031786275464,-0.2628793695654235
4142,-0.97849767707115,-0.8816458631199917
4143,-1.2844910362894222,-1.1961066318658022
4144,-1.0767103098332882,-0.7610019788934282
4145,-0.886309964582324,-0.6487716193729544
4146,-1.0032828355181045,-0.5670141703032955
4147,-0.5871910771658254,-0.36993694078949646
4148,-1.1535775533744268,-1.1732069348824024
4149,-0.4106854182570728,-0.3964221678304314
4150,-0.7204572930932045,-0.5081419105474528
4151,-1.3269773509151253,-1.2741908900529795
4152,-0.7736908659454464,-0.705960597426215
4153,-0.6479158198186593,-0.46545705510709473
4154,-1.0239315843209624,-0.944278705725988
4155,-0.7269039494650704,-0.7317416571920916
4156,-0.9996341513108836,-0.7112015277657129
4157,-0.9513241902802342,-0.74610562989496
4158,-0.889678874053061,-0.7388827381969069
4159,-0.7981181979179383,-0.8322980084616003
4160,-1.0644862716512162,-1.0236246310288981
4161,-0.9073981530964376,-0.6180863080927311
4162,-1.0414243429899217,-0.9302488894494522
4163,-0.8334924271330237,-0.7191977348542731
4164,-0.7721054178017837,-0.5402049975863521
4165,-0.4260863167607886,-0.3030780633395838
4166,-0.6713600666948067,-0.620160136107496
4167,-0.7961106910261997,-0.47394050435651747
4168,-0.7086275797481685,-0.7009119232461876
4169,-0.7264399195826331,-0.4443875507468929
4170,-0.4934080848618159,-0.3430746397720558
4171,-0.5077187247978624,-0.3242480525303047
4172,-0.7556378281846339,-0.45858526963801505
4173,-0.7242462132126093,-0.6515357096492441
4174,-1.0337216189477296,-0.8895443812266446
4175,-1.8957977671372264,-1.597341793663448
4176,-1.2734618789271304,-1.1593968848386764
4177,-0.8474851846694946,-0.563530121235453
4178,-1.7709448409802986,-1.2316638023538526
4179,-0.5930882887406783,-0.48683640197402517
4180,-0.5965585690136104,-0.40415347341306535
4181,-0.6397141135016153,-0.6575539223852623
4182,-1.4957707307135413,-1.1707768486653634
4183,-0.4849444974552501,-0.4044572125714699
4184,-0.532707446416219,-0.5484385615137235
4185,-0.9345411727594776,-0.6401491483990794
4186,-2.783419030053275,-2.4608681474386827
4187,-0.8363659074530005,-0.5197519129630723
4188,-0.8277897612993107,-0.7172466349098798
4189,-0.8794304635546623,-0.7479169881026321
4190,-1.6689556733421658,-1.5112653077968996
4191,-1.2268430148401568,-1.0523084832442893
4192,-0.6925782561302185,-0.6888085217944717
4193,-0.3730480614609606,-0.2738592491763348
4194,-0.8860591040101162,-0.9093121147946636
4195,-0.6119334613904357,-0.45187693163311543
4196,-1.0095779101053874,-0.9296095767478125
4197,-0.4606768881627756,-0.38657924865304905
4198,-0.7219048487022519,-0.5852090744982099
4199,-0.737528127293254,-0.6486517796594414
4200,-0.7979386130044627,-0.9593417347867021
4201,-1.0318440938818043,-1.1405540605808073
4202,-1.1669173407000164,-1.2696991865760294
4203,-1.1327544885088308,-1.2068058028231161
4204,-1.0500948503035907,-1.110104149887728
4205,-0.9025479009909224,-1.0583575830287324
4206,-0.6929261869238329,-0.832101540660495
4207,-0.965675159942272,-1.2547761708766254
4208,-1.387861464374749,-1.5469770809390724
4209,-1.092138973317405,-1.246963635126297
4210,-1.3595565936362095,-1.3454021520866597
4211,-1.7778723383997823,-1.6820173280937263
4212,-2.3110929897853305,-2.5613271737601613
4213,-1.363608259646619,-1.5103100981571138
4214,-0.7559875231380611,-0.8929115247063546
4215,-1.1058512441813946,-1.1301970838898698
4216,-1.0416456451711729,-1.07218501518519
4217,-1.0978759684303934,-1.1517439996515473
4218,-1.078577572985213,-1.1329403706959063
4219,-1.1746719197709432,-1.179766461389631
4220,-0.974059919978297,-1.17604823937551
4221,-1.0141057931175528,-1.1734637490590853
4222,-0.9671788668447688,-1.0867176414008226
4223,-1.2618675777154376,-1.2607776986817225
4224,-1.1562141392582146,-1.235051166884113
4225,-0.3615303131250235,-0.37548048692223596
4226,-0.9727098174797472,-1.0168480091844219
4227,-1.1993952952614126,-1.2317766981217622
4228,-1.0105686298636505,-1.0235330265969127
4229,-1.2063548370849255,-1.2541005891079522
4230,-1.337161752604699,-1.4844721382801964
4231,-1.2318893726481948,-1.3049043977402452
4232,-1.42471654840218,-1.5327732280590258
4233,-0.8443791764651158,-1.0062260097416962
4234,-1.0436153245526691,-1.1606691548447834
4235,-1.0081658012183137,-1.104761412836147
4236,-0.9244093775749208,-1.1354055193257073
4237,-1.0473978066629217,-1.142455330580101
4238,-0.8326608155124872,-0.915650462206368
4239,-1.0075821811838668,-1.109681615265258
4240,-0.654046408029703,-0.6948647816187374
4241,-1.058283426040827,-1.275062908366416
4242,-1.1018496973570002,-1.2558508641924826
4243,-1.40951855884966,-1.5215312737923885
4244,-1.0018427057783732,-1.278631760669945
4245,-1.012662179710329,-1.1606538513184248
4246,-1.0182003561905988,-1.1183160950804918
4247,-1.3070196014966151,-1.3742811985674626
4248,-1.0296954387842223,-1.1278981038318057
4249,-0.9502039473186168,-1.0864000568100494
4250,-1.10387560840725,-1.1401874238923382
4251,-1.26321654264317,-1.4278187483089548
4252,-1.1223248391188392,-1.277550259883044
4253,-1.3265090829642243,-1.3274120460116776
4254,-1.0630093489506447,-1.278037067419418
4255,-0.7573126665381498,-0.8886113754623062
4256,-1.1454640479050866,-1.205102376827218
4257,-1.051169846409051,-1.0513146998651064
4258,-1.2331948529842287,-1.4357541495936814
4259,-1.0315739932910415,-1.1808876701114583
4260,-1.3700609318045682,-1.538314226097772
4261,-1.1485459555027098,-1.2451372772686056
4262,-0.9582327447196308,-1.0095081166846542
4263,-1.5570175453673962,-1.6733460817849495
4264,-1.1492213350075942,-1.2291790950550792
4265,-0.6515327035918717,-0.6513194565425273
4266,-1.2449120477188464,-1.3229683703203525
4267,-0.8962771689244943,-1.0807662032019134
4268,-0.9925493269927742,-1.0997990407253253
4269,-0.8777501657027607,-1.0352848752348598
4270,-1.0977490816929545,-1.1504229428851287
4271,-1.2282573585362395,-1.307316331020521
4272,-1.111726305281469,-1.1919041705510987
4273,-0.9790388419646624,-1.123747534410061
4274,-1.126222521759743,-1.239752069026236
4275,-0.8722887925342121,-1.0399380337052684
4276,-1.458659983420557,-1.5529579335123402
4277,-0.9795088943584944,-1.1561560684228034
4278,-1.079622744589813,-1.2013448050724715
4279,-1.1297429789931088,-1.1910494263132023
4280,-1.0316631867904071,-1.0533724166584522
4281,-0.9308583255886108,-0.9837193015689988
4282,-1.162500644839087,-1.294490245774998
4283,-1.3870291950166689,-1.4176535852765557
4284,-0.7112375711495021,-0.746069872469133
4285,-1.105051919471386,-1.1804847393320492
4286,-0.867181377817494,-0.9380399336973134
4287,-0.8642660869184391,-0.9369192303903815
4288,-1.0615867274676185,-1.085905972287634
4289,-0.84700696690138,-0.8985861945341453
4290,-1.077695419622022,-1.0967096216155192
4291,-1.1586602436479672,-1.23511035239767
4292,-0.9558372100194296,-0.9449755928470617
4293,-0.7406556892764661,-0.9035061794137667
4294,-0.7032087226457233,-0.6552975361805822
4295,-0.8396756510401882,-0.9513316411396218
4296,-0.7805052182471105,-0.8324776223840924
4297,-0.8118333197379297,-0.9307874291803412
4298,-1.1298891989759696,-1.262852234207883
4299,-1.0240465273228727,-1.191154779908665
4300,-2.0188277328715607,-1.868945998684928
4301,-1.0084589128346406,-0.8883604499762567
4302,-0.9337151706680772,-0.7991988138009832
4303,-1.082455070813497,-0.7943088209770025
4304,-1.2791151219400867,-1.1852317952302758
4305,-0.75891776417577,-0.6895673131502483
4306,-1.095161773720566,-0.975185975433199
4307,-0.8924539200095243,-0.8514313073588003
4308,-0.5849068331163984,-0.4561970904867988
4309,-0.5030183247577997,-0.31617786135328707
4310,-0.7003356649762108,-0.590532025932558
4311,-0.9269440690676372,-0.8501142440440455
4312,-2.3110929897853305,-2.5612875247611777
4313,-0.673744797706604,-0.5255735429207516
4314,-0.5381073905155063,-0.3576673046447899
4315,-1.3809038168854184,-1.133031056954265
4316,-0.7925901820262273,-0.7322145194099909
4317,-1.0633790391360145,-1.002761947123272
4318,-0.9718014467721698,-0.8751749976941026
4319,-1.669853535565463,-1.589310146774293
4320,-1.0872247700507824,-0.9294919038736398
4321,-0.494134735691455,-0.3328706683398455
4322,-0.6384045408993233,-0.47330418123986867
4323,-0.8821709941523944,-0.6763715500891776
4324,-0.6945366850195005,-0.5950907319970163
4325,-0.4361130987950998,-0.44283591077148254
4326,-0.5387665347535481,-0.49525360875884694
4327,-1.5634831812070764,-1.470564188901188
4328,-1.6253650699343,-1.4374222040867635
4329,-0.947783350944519,-0.9373187255915517
4330,-0.5379862496629357,-0.4410601983628363
4331,-1.2970315438729745,-1.118166141424584
4332,-1.021818340755999,-0.9436822029588585
4333,-0.5440655341371894,-0.47324877814405536
4334,-0.8799422840739406,-0.7104738329163461
4335,-0.8131637859714124,-0.6488784130939277
4336,-0.8455494073304263,-0.7855218554665225
4337,-0.9208369938902152,-0.7907427288863841
4338,-0.5623833663820281,-0.5228322113781592
4339,-1.2913367461788563,-1.2029103002318329
4340,-0.6466344264837411,-0.6923810168528581
4341,-0.4795935902484627,-0.26287645481465344
4342,-0.9539894771206286,-0.8816435050318774
4343,-1.2589746048284132,-1.1961051376149558
4344,-0.9612199915573,-0.7609950226897455
4345,-0.785341807641089,-0.648770209645205
4346,-0.8264875031899714,-0.5670094337954787
4347,-0.5149672687515732,-0.36993195284648517
4348,-1.1747771075793676,-1.1732139577763063
4349,-0.3866097802546487,-0.39642049481820946
4350,-0.6865824507549405,-0.508140895201146
4351,-1.303085633026537,-1.2741892598834164
4352,-0.7477518024370652,-0.7059574723119002
4353,-0.5684704928435096,-0.4654536989849525
4354,-1.0152959609404206,-0.9442772033280322
4355,-0.7032932478284079,-0.7317443216931466
4356,-0.9507750032484068,-0.7112001867898905
4357,-0.8790982970895693,-0.7461034747559342
4358,-0.883669825270772,-0.7388767134798093
4359,-0.7918171087900797,-0.832299019347745
4360,-1.0416799913081087,-1.023622044374206
4361,-0.8835974838584661,-0.618082925651228
4362,-0.9745475992560386,-0.9302470545673087
4363,-0.8337709093466401,-0.719195743880363
4364,-0.7419980920278109,-0.5401946184099528
4365,-0.3960011423143566,-0.3030784891063609
4366,-0.6491943283598552,-0.62015937068657
4367,-0.7032963407132052,-0.4739385857034718
4368,-0.7216410433599191,-0.7009103182256229
4369,-0.6853119948113612,-0.4443822069994282
4370,-0.4369831766401018,-0.34307295110847374
4371,-0.4408830062363499,-0.3242456419688788
4372,-0.62067711353302,-0.45858303604607936
4373,-0.7553256247192621,-0.6515352129320388
4374,-0.9868804279681856,-0.8895429066016179
4375,-1.7397670934074805,-1.5973358819786845
4376,-1.2408469149940893,-1.1593984988024484
4377,-0.7365235525464254,-0.563527778129571
4378,-1.5932107802593347,-1.231650534139294
4379,-0.5377984935587102,-0.4868370883092844
4380,-0.5121993427128755,-0.4041482462236759
4381,-0.6329450311586838,-0.6575560310254017
4382,-1.3876648161762444,-1.1707699496969348
4383,-0.5305355982346969,-0.404456873424229
4384,-0.5478995577494303,-0.5484401308657009
4385,-0.8942103432130444,-0.6401426801441773
4386,-2.422343293825785,-2.4608536152389453
4387,-0.7671729009598494,-0.5197489046950667
4388,-0.7988249386927878,-0.7172431104090129
4389,-0.7787208283713104,-0.7479154858550352
4390,-1.5531570859577344,-1.5112601569059942
4391,-1.250069822034528,-1.0523045797505242
4392,-0.7194487631320954,-0.6888096756459383
4393,-0.3341955209341575,-0.27385697356778227
4394,-0.8825063982675242,-0.9093125699273701
4395,-0.588276376016438,-0.4518747038543086
4396,-0.9736790121063704,-0.9296088488772803
4397,-0.4171706096146458,-0.3865774382051947
4398,-0.6760530564934015,-0.5852082179694451
4399,-0.7201668587765953,-0.6486482784612091
4400,-0.8229464560516121,-0.85619064349431
4401,-1.1389789571022164,-1.1323734049423053
4402,-1.1478483981864398,-1.1855416882021397
4403,-1.1585811940274495,-1.1937697884200915
4404,-0.9912641778472782,-1.0383171914476583
4405,-0.9475616022597912,-0.9692433700768022
4406,-0.7211771149967992,-0.7117103711603358
4407,-1.052211457444716,-1.0084622265552237
4408,-1.4246611123861268,-1.411001402296029
4409,-1.0948326874148937,-1.1476088297889047
4410,-1.202191801034203,-1.1790757413429813
4411,-1.0269525758512728,-1.1056393335650414
4412,-2.083486148289272,-2.4023514938085304
4413,-1.3760885459477783,-1.4465035294187008
4414,-0.8125580382901568,-0.8246605605284592
4415,-1.077440799213946,-1.1187894009300123
4416,-1.0783193527266035,-1.0919666381952413
4417,-1.0721642915592635,-1.088864564880654
4418,-1.0194172517273776,-1.0223068238317887
4419,-1.1398381105689117,-1.147176175350726
4420,-1.016389853270479,-1.0120089528804568
4421,-0.954429684683334,-0.944701979347835
4422,-0.8760497736376386,-0.8550999847792623
4423,-1.1109316977419594,-1.229561480576966
4424,-1.0402473470037297,-0.9423515813729513
4425,-0.3615156799300104,-0.38137471304711346
4426,-1.0122590693392497,-0.9526220609221421
4427,-1.0989022208738697,-1.1056559630908604
4428,-0.97838738537574,-0.990554002812027
4429,-1.1951037349627,-1.2320726791975416
4430,-1.3245987162109494,-1.3409334565873878
4431,-1.2285262558811394,-1.2082902527264074
4432,-1.4416633548662643,-1.4435765733031771
4433,-0.8391115868738456,-0.8270849789066415
4434,-1.0791577562805297,-1.0726230931396474
4435,-1.0434765834216924,-0.9973121536981014
4436,-0.942040941119194,-0.9601608043533048
4437,-1.1453046798706057,-1.1824264799615256
4438,-0.8849876213443372,-0.9179150665349958
4439,-0.9762091627416684,-0.9846221315977732
4440,-0.6517887216347914,-0.6760276088005134
4441,-1.0492237871007402,-1.0290805839232657
4442,-1.1238135302713674,-1.1093084275761265
4443,-1.4221737107565238,-1.2969749829363968
4444,-1.0354653772457625,-1.0485848071094992
4445,-0.986382987148078,-0.9378537330359468
4446,-0.8774075339159627,-0.8393945756182078
4447,-1.2897746988045151,-1.3019346776138965
4448,-1.0034964019938033,-1.0093275136676865
4449,-0.920608405919038,-0.925939150617662
4450,-1.122571814891904,-1.0576254411483657
4451,-1.2047144507252894,-1.2735348105775899
4452,-1.1458059466162394,-1.1939889170303828
4453,-1.37033150362414,-1.3178693990074288
4454,-1.151959125385728,-1.2416220116582577
4455,-0.7736853277960489,-0.7431612514720936
4456,-1.1044145203376,-1.0775904891083135
4457,-0.9703723136768784,-0.914724489677025
4458,-1.213405918705371,-1.185850900009481
4459,-1.0685864455940188,-1.0962654564724301
4460,-1.2195396571196326,-1.2601503970789116
4461,-1.1001124021618864,-1.153798597999913
4462,-0.9600926064705664,-1.011118236587559
4463,-1.523992284323818,-1.5079637852821242
4464,-1.1618106667812054,-1.2831479362572231
4465,-0.6467620337656302,-0.6676643977903617
4466,-1.2595462272333544,-1.2354830406465425
4467,-0.9268319911735002,-0.9827375859493361
4468,-0.9840374602827916,-0.9603026652197916
4469,-0.9570626907570418,-0.9777477425109641
4470,-1.0678348365680193,-1.1337116008774477
4471,-1.1613353333731955,-1.2088626451939548
4472,-1.0207860968833746,-1.1036310221830647
4473,-0.9798749130825664,-0.9830755274990478
4474,-1.084045404611632,-1.1389734734651087
4475,-0.903785228729248,-0.9118057641805201
4476,-1.345334494760794,-1.3718112051512181
4477,-1.0087318198625432,-1.0292164061353926
4478,-1.042642083278922,-1.1574766665546954
4479,-1.0154015219817727,-1.0028525681882958
4480,-1.0391880125962487,-1.0292312142706792
4481,-0.9349234076433404,-0.9244803690785802
4482,-1.0876100691714028,-1.1887813396216147
4483,-1.3858230973398962,-1.41530349258816
4484,-0.6918072531808097,-0.6758652746847904
4485,-1.1266478327817695,-1.1405609973379631
4486,-0.9622490128805472,-0.8937355384973252
4487,-0.9189042287279467,-0.9330385723803035
4488,-1.0236843417781267,-1.0297476766485827
4489,-0.8366643162660821,-0.8843232758591768
4490,-1.0502735099127127,-1.0622978095964157
4491,-1.1670828364616217,-1.248242379164744
4492,-0.8285966132038324,-0.9051600163177741
4493,-0.7775762940562049,-0.7893369930470647
4494,-0.6275435414495347,-0.6667212438668219
4495,-0.8628613569939784,-0.7663508386100437
4496,-0.8399799637092177,-0.7311957304859961
4497,-0.7557949049528255,-0.8121742508105224
4498,-1.1276979621990706,-1.149168252768408
4499,-1.101985439773678,-1.1232011965977753
4500,-2.224330621607163,-1.9718716128256322
4501,-1.1573611451673878,-1.1177215365085411
4502,-0.9519950779833536,-0.953599565751498
4503,-1.2299547460344102,-1.196159542500481
4504,-1.1967313330748983,-1.2055498159467029
4505,-0.7646421637645987,-0.7561498658776163
4506,-1.1210537102757667,-1.0360105934414285
4507,-0.9817339154176934,-0.9559207934335676
4508,-0.5588517817415932,-0.5434690217395098
4509,-0.625859491619063,-0.39804708962345275
4510,-0.8025206724802653,-0.6913949689894598
4511,-0.9224114418029784,-0.8809331835191457
4512,-2.083585177149092,-2.4025177188149947
4513,-0.7912901316502298,-0.7969322259225049
4514,-0.5985407941043377,-0.46758711435669104
4515,-1.447794798347685,-1.3875918617257437
4516,-0.8137403885523479,-0.8049815822080754
4517,-1.146501150242118,-1.1350306984481249
4518,-1.104692626273495,-1.0851762209548044
4519,-2.054394017566334,-1.978120365201203
4520,-1.270643642315498,-1.1497797306553228
4521,-0.666793095049008,-0.5963817956541467
4522,-0.7352975781370954,-0.8239186407412655
4523,-0.8786142315975455,-0.9797648539914903
4524,-0.7615124532418658,-0.8408591252597952
4525,-0.441349420436593,-0.4563418346320043
4526,-0.6069933259209921,-0.6436254756113859
4527,-1.9525082318679143,-1.9670730404071604
4528,-1.7484116838091897,-1.5901664824917794
4529,-1.1261034122219793,-1.035884241639448
4530,-0.6149607012048364,-0.5997232550323048
4531,-1.3237093951967027,-1.231281697054562
4532,-1.0929526528343558,-1.1078705104934548
4533,-0.5921977860853076,-0.5613543512575575
4534,-0.9592489225919856,-0.9950965778781953
4535,-0.758954923282298,-0.7464355403068692
4536,-0.8200400620698929,-0.8461097790350071
4537,-1.0416639008263284,-1.1249592204776138
4538,-0.6090863567637647,-0.5950508625468728
4539,-1.3894795364187669,-1.3054529285986933
4540,-0.6469361158517691,-0.6727477314553798
4541,-0.5248190062914708,-0.4737482531937508
4542,-0.9252472709315692,-1.033914053621419
4543,-1.339320631914361,-1.2922689875382554
4544,-1.055123613215983,-0.9828904392181794
4545,-0.859713782556355,-0.8116290199149715
4546,-0.8788477441538936,-0.8040297698106798
4547,-0.5955582062403361,-0.6192244446866911
4548,-1.2412966234343392,-1.1543337598696546
4549,-0.3967301365154893,-0.3768245029372672
4550,-0.670690156519413,-0.617368159505306
4551,-1.4149229526519775,-1.5608783419267205
4552,-0.7913948463839154,-0.8111365754996772
4553,-0.6555362459301024,-0.6593760254989259
4554,-1.0116762798279524,-0.9920504623695877
4555,-0.6926175999262977,-0.6232605076979767
4556,-0.9249474891396456,-0.7875505032643499
4557,-0.9792364872703256,-0.906882228853836
4558,-0.9182376135140656,-0.8305944436519532
4559,-0.787266148130099,-0.8134596934073689
4560,-1.1505759409231733,-1.1610703013373866
4561,-0.9469565665349364,-0.981845768721894
4562,-1.0388510033488274,-1.0509516336614246
4563,-0.9118039663881063,-0.8451553441246725
4564,-0.7992155065903297,-0.7490300506673151
4565,-0.3889849471230792,-0.374645672112542
4566,-0.6940472301586654,-0.68326742586718
4567,-0.9066661439200704,-0.9182861905292174
4568,-0.7034178898316021,-0.7161499823688853
4569,-0.7150811465211617,-0.6259291484067921
4570,-0.4691593022573562,-0.3633048651669468
4571,-0.5263576267301574,-0.5012823746909918
4572,-0.7605898818191217,-0.6538190181141232
4573,-0.7731681577861309,-0.7051509823956413
4574,-1.0118404352559454,-1.0494381860035875
4575,-1.768023271309702,-1.5445569062685829
4576,-1.2640007847233825,-1.1611556934366536
4577,-0.8072870742707026,-0.8655251197554206
4578,-1.6516977151234944,-1.6445126011424218
4579,-0.6241367535157637,-0.5239554693757589
4580,-0.6408325803372287,-0.5651396634234935
4581,-0.6265267364738524,-0.6495779575725196
4582,-1.507548788721247,-1.568807773022973
4583,-0.4230124755339189,-0.431596734262161
4584,-0.5372484079996744,-0.5208250311954681
4585,-1.0212945245033087,-0.9119238984309994
4586,-2.811213481993902,-2.7144738383182907
4587,-0.8650698913261294,-0.7368782334078683
4588,-0.845795798671338,-0.8364641191855295
4589,-0.8884272367582409,-0.8689260811735178
4590,-1.637281868768775,-1.7184643941398376
4591,-1.2354574761083048,-1.2055669368341344
4592,-0.6918921798467637,-0.7268968083032601
4593,-0.3881308121944037,-0.335923899624955
4594,-0.8998928984930349,-0.8688997976599391
4595,-0.5653619216755033,-0.586524842314604
4596,-1.020224654397299,-0.9756640281776654
4597,-0.4777624893558118,-0.4834174346404523
4598,-0.7322410652413964,-0.6788579007824699
4599,-0.8541534861852956,-0.8418634776634588
4600,-0.8735726286274518,-0.8585535617666706
4601,-1.0893354179530308,-1.13443807296582
4602,-1.188659625460011,-1.186973302023593
4603,-1.1127661716106323,-1.1932851433679377
4604,-0.947776390600574,-1.0382686073307643
4605,-0.9335896146389864,-0.968320088003777
4606,-0.7213556942089584,-0.7120744604751227
4607,-0.9841258867766506,-0.9992846090354802
4608,-1.4480692055798317,-1.409700772089192
4609,-1.1592642475468244,-1.1496826074340114
4610,-1.223276781481366,-1.172728924550715
4611,-1.1417748495772644,-1.0712430483437447
4612,-2.209757855960301,-2.420281131351305
4613,-1.3836497742621623,-1.4470606065083456
4614,-0.7984827405722567,-0.8226629907890521
4615,-1.075993218459189,-1.1191813116648917
4616,-1.088236462238223,-1.0929258574491796
4617,-1.043649810229161,-1.0835398893763042
4618,-1.0976576370786326,-1.021799428667931
4619,-1.1603018858636072,-1.1468267747965855
4620,-1.026726908461992,-1.0105581302282562
4621,-0.991533031759336,-0.940029075052073
4622,-0.8781932583150938,-0.8453481394596737
4623,-1.1057666614074115,-1.225746667966844
4624,-1.051554704821387,-0.9249420857694164
4625,-0.3664498909925803,-0.3820199302818399
4626,-0.9773935125779736,-0.9429341902919564
4627,-1.0932074008986008,-1.101134029928748
4628,-1.0067789194195769,-0.989074342496936
4629,-1.1580915330916413,-1.2297299125637826
4630,-1.3320730194564938,-1.3396394344158395
4631,-1.2437894658524862,-1.203201619434345
4632,-1.4002489831096443,-1.4392806806321548
4633,-0.8286716439003168,-0.8188839953052012
4634,-1.0647037925646288,-1.0708077968888072
4635,-1.034368213757064,-0.990881599351852
4636,-0.93449596563975,-0.9600083539300336
4637,-1.1058132528334623,-1.1823552130370487
4638,-0.8935538853785788,-0.920605955315017
4639,-1.0180770435998605,-0.980729246910863
4640,-0.6406686241810139,-0.6775691950815361
4641,-1.0534503672474114,-1.0244509177393288
4642,-1.0700011715408444,-1.0962882128553484
4643,-1.4134844828021618,-1.2846396355581162
4644,-1.001002375469651,-1.0444136779028088
4645,-0.9591520895329556,-0.9363216728679332
4646,-0.875506692045317,-0.8252050126489338
4647,-1.2505347516185554,-1.2964378677905035
4648,-0.9788493361583976,-1.0064134969338354
4649,-0.9084787913995196,-0.924259978330161
4650,-1.1209378639856975,-1.0503552759535513
4651,-1.202980497086695,-1.2716839757502016
4652,-1.1594642021859338,-1.197889402825986
4653,-1.3155181001323135,-1.3116143604753236
4654,-1.1142286256302234,-1.2477510455868592
4655,-0.7713155857352323,-0.7423849062504229
4656,-1.1177026264427243,-1.0707344641859997
4657,-0.963696932607843,-0.8999977687659605
4658,-1.2105230314787043,-1.179348741836281
4659,-1.0508531433667323,-1.0965644991673882
4660,-1.2247404137323068,-1.2534236181720102
4661,-1.126736591028613,-1.1520859246608035
4662,-0.9379346001055814,-1.014175178773431
4663,-1.4847761549690897,-1.5028651615031285
4664,-1.1693442702293395,-1.2866367466970245
4665,-0.6952231725056967,-0.6700207884251961
4666,-1.242464163506678,-1.2354592019013382
4667,-0.9143998650617378,-0.9854443713266724
4668,-1.0351120963577152,-0.9540754202212398
4669,-0.9293273031249528,-0.9767891162724641
4670,-1.107048327608626,-1.1379674784066012
4671,-1.1791525071905564,-1.2012534875186365
4672,-1.0748463767443517,-1.102858120821136
4673,-0.9794964161954184,-0.9800047793373003
4674,-1.0568743288054947,-1.1321012491532905
4675,-0.8767954976157805,-0.9101434295738343
4676,-1.3937819309012836,-1.364282413679709
4677,-1.007523922957191,-1.0280468273454624
4678,-1.0852024028467575,-1.1558096904896364
4679,-1.032380386934442,-0.9957073231946718
4680,-1.0817812588787818,-1.0276275205270349
4681,-0.9265696096789928,-0.9227612988428676
4682,-1.0990419591120046,-1.1923870596384916
4683,-1.4356490429057631,-1.4192936408984118
4684,-0.6724675646368062,-0.6752753398413213
4685,-1.1468929985696956,-1.138490740201392
4686,-0.9160939713781194,-0.8895211148840287
4687,-0.9680993104165838,-0.9342050277142984
4688,-1.0651489671810652,-1.0303711566812501
4689,-0.8330487622771152,-0.8828022632538461
4690,-1.0456067970556806,-1.0600703790803032
4691,-1.1917705286380855,-1.2483787447321626
4692,-0.8981987958730653,-0.9052153502669308
4693,-0.8135628219722777,-0.7874837913747134
4694,-0.6291687533825259,-0.6710944008767431
4695,-0.9079498838084612,-0.7539824656120024
4696,-0.8211076481397762,-0.7162178062873944
4697,-0.8153530507124671,-0.8082898004584576
4698,-1.1358914292135904,-1.147775603419504
4699,-1.085957736007927,-1.1245068153063262
4700,-2.353178157525904,-1.9676020482691807
4701,-1.2099252689716429,-1.1215331320679576
4702,-0.98538535602333,-0.9546257135348016
4703,-1.2588464975357057,-1.1950500688685828
4704,-1.176179840646941,-1.2092782182172563
4705,-0.7804869921632516,-0.757410804864692
4706,-1.2054106653953085,-1.0324759346975672
4707,-1.0342092135155847,-0.9564698282063894
4708,-0.563256397727848,-0.5388427703038569
4709,-0.7344039104602955,-0.39025415969302696
4710,-0.8227416106632778,-0.6855606133043735
4711,-0.9391386191050212,-0.8823097581154842
4712,-2.209340308393751,-2.420415059175113
4713,-0.8385420991468799,-0.8026620033584492
4714,-0.6182281309738755,-0.45789072682608206
4715,-1.529968864387936,-1.384350667130168
4716,-0.8490541110436122,-0.8036065729317279
4717,-1.204536708750466,-1.1333778368345624
4718,-1.1248611883185375,-1.0887110526559722
4719,-2.036916646090421,-1.991071755966689
4720,-1.1748272272256703,-1.1490930664915606
4721,-0.6919722723406415,-0.5956782295903762
4722,-0.7467247378535387,-0.8323022660082929
4723,-0.9682536439378132,-0.9823826627920712
4724,-0.8027284819950429,-0.8468100664419419
4725,-0.444457072620244,-0.4570284254447022
4726,-0.6067946003388989,-0.646510582785039
4727,-2.058393120765686,-1.9848537932411927
4728,-1.844200616791135,-1.5804612692476812
4729,-1.0327859609215349,-1.0298644972318232
4730,-0.575004618614912,-0.5988505865380704
4731,-1.2579904353177105,-1.217539099331872
4732,-1.11750225443393,-1.109718714872863
4733,-0.5979125397279859,-0.561384107762231
4734,-1.0135669735975044,-0.9986947768513516
4735,-0.8197096586227417,-0.7443785255926394
4736,-0.9053551554679872,-0.847937451515587
4737,-1.0946192806081254,-1.1301685725608268
4738,-0.5875511967291044,-0.5955939106386596
4739,-1.3755469590194465,-1.3026782374438897
4740,-0.6339539527893067,-0.6741640395790924
4741,-0.5728389791740004,-0.4724624885715742
4742,-0.9679496796556222,-1.0383928445750985
4743,-1.3799660852713178,-1.2929732215618328
4744,-1.1252712747082114,-0.9801910676441433
4745,-0.8843459878116846,-0.8117002093510696
4746,-0.9742216079131416,-0.7969858950980862
4747,-0.6799819589585296,-0.6222152101135286
4748,-1.1899333042757851,-1.151867112021197
4749,-0.4034228840870644,-0.376221603155786
4750,-0.6855383086949587,-0.614578453200465
4751,-1.4788501225700674,-1.5701048497488792
4752,-0.7897226856660473,-0.8103051112322671
4753,-0.6785950032315513,-0.6613292583641217
4754,-1.0490894159302115,-0.9911575860802413
4755,-0.6946003191054814,-0.6233411853390648
4756,-0.992202499116114,-0.7769018072976706
4757,-0.9526928164238152,-0.9053437173781108
4758,-0.9173653265461326,-0.8262886374669576
4759,-0.7900656253099442,-0.8142611719890586
4760,-1.1776679125867149,-1.1656835325404393
4761,-0.9823054084554316,-0.9839941217277011
4762,-1.041147741675377,-1.0545099396308177
4763,-0.9293854050338268,-0.8441726443708713
4764,-0.8389548411736122,-0.7452535939874303
4765,-0.4102141734881279,-0.3743957199432741
4766,-0.6975284879521806,-0.682753758222788
4767,-0.9367745754330656,-0.9179729398123692
4768,-0.6899115789768308,-0.7164658214411577
4769,-0.7377374153728633,-0.6240616937294736
4770,-0.5307536711768498,-0.35876355861666503
4771,-0.5640917572864267,-0.49988898199478543
4772,-0.8369507619312831,-0.6471024608907634
4773,-0.7551471684128046,-0.7015018884185201
4774,-1.0507898531128874,-1.0458912083987455
4775,-1.8945174970124896,-1.5388204100111988
4776,-1.3677066602204977,-1.1591695706306058
4777,-0.8860890203052096,-0.8695897401378929
4778,-1.6500794128938154,-1.6445978336850235
4779,-0.6228498740629717,-0.5220409761889689
4780,-0.6460370074870975,-0.5596656291072043
4781,-0.6418447143347689,-0.6503062339415201
4782,-1.613364805546842,-1.5740572539443767
4783,-0.4766399621963501,-0.43237622925490177
4784,-0.5198074769973755,-0.522921771527354
4785,-1.0334860206574432,-0.9042407358815591
4786,-2.9395163910729543,-2.728658681535143
4787,-0.8878965638577938,-0.7292388185650516
4788,-0.8639053984205852,-0.8365926529785672
4789,-0.9201303315818856,-0.8676232719877092
4790,-1.5870744663736094,-1.7235941790413987
4791,-1.203127964850395,-1.206150262066834
4792,-0.7194410175085068,-0.7314460299887883
4793,-0.3557103872299194,-0.33337593424558315
4794,-0.8421202371286791,-0.8672794081852347
4795,-0.5939941965043545,-0.5870188870973011
4796,-1.037944850995559,-0.9723254169853475
4797,-0.4939853220947029,-0.48673988633148735
4798,-0.7651177803054452,-0.6755346336000013
4799,-0.8467327744461769,-0.8423974528427198
4800,-0.8561004427976386,-0.858553550991649
4801,-1.1092663489539047,-1.1344381584335284
4802,-1.1938300687213277,-1.186973345250245
4803,-1.1447219386581302,-1.193285275252625
4804,-0.9773966110953988,-1.0382687481316535
4805,-0.9263976701470308,-0.9683201396269003
4806,-0.7283263215722964,-0.7120745647062423
4807,-0.9821777195893516,-0.999284621584277
4808,-1.4370633188144182,-1.409700774816856
4809,-1.182721304339032,-1.1496827577167987
4810,-1.2361376692158308,-1.1727290474149565
4811,-1.139531177478832,-1.0712429899102631
4812,-2.3143455726759776,-2.4202815817239314
4813,-1.4070320266192076,-1.4470607438034524
4814,-0.8031155767366868,-0.822663031579212
4815,-1.0576075818389654,-1.1191813389537943
4816,-1.092901861020761,-1.0929259196808623
4817,-1.0829359154368556,-1.0835399272069541
4818,-1.1094712536464366,-1.021799529341897
4819,-1.1616607322249302,-1.1468267701872252
4820,-1.074113601861998,-1.010558373264125
4821,-0.9961845745411956,-0.9400291804713615
4822,-0.921675770781761,-0.8453482834829316
4823,-1.129615454710731,-1.225746677279935
4824,-1.0535220951997033,-0.9249421366386896
4825,-0.3658815184210101,-0.3820199818787203
4826,-0.9700281555338424,-0.9429341188191781
4827,-1.1170412902684177,-1.1011340834792327
4828,-1.0269443036973938,-0.9890744699766904
4829,-1.2242409055547196,-1.229730185805398
4830,-1.3450581343599068,-1.3396394941865044
4831,-1.2364278144614642,-1.2032017314048267
4832,-1.4378522976424344,-1.439280726040027
4833,-0.8400693290917448,-0.8188840756300235
4834,-1.0832073596096778,-1.0708078773860634
4835,-1.0271758950033854,-0.9908816244735612
4836,-0.9676556567351025,-0.9600085088350416
4837,-1.1056351458379463,-1.1823552820145473
4838,-0.8811181266178456,-0.9206059537453941
4839,-0.9831317348997722,-0.9807291309913725
4840,-0.6540750696108891,-0.6775692446314919
4841,-1.057645789412565,-1.024451069813528
4842,-1.0349910102149311,-1.0962881267638207
4843,-1.3955367369245189,-1.2846396094017072
4844,-1.0051537964695183,-1.0444137203212829
4845,-0.98735977974973,-0.9363218087437157
4846,-0.8968379215931329,-0.8252051612659295
4847,-1.2698826142983843,-1.296437847914039
4848,-0.9877091100973676,-1.0064135719045257
4849,-0.932066984878954,-0.924260138358556
4850,-1.1154273554336194,-1.0503552975966572
4851,-1.2295850385991178,-1.2716841200934392
4852,-1.1718280232229898,-1.197889440114676
4853,-1.3413326860398285,-1.3116142876773897
4854,-1.1143934310868728,-1.2477509280261763
4855,-0.7863951071288234,-0.7423849835141548
4856,-1.1178470849990845,-1.0707344545571675
4857,-0.9468865782715552,-0.8999977570089968
4858,-1.2311913181645002,-1.179348931474563
4859,-1.0594017172968664,-1.0965645488009672
4860,-1.244054723155591,-1.2534236284119278
4861,-1.153783407322196,-1.1520860107408366
4862,-0.9570044953693716,-1.014175162017905
4863,-1.4970406303110049,-1.502865230147389
4864,-1.1489912537428049,-1.286636659919912
4865,-0.7206295830334803,-0.6700209344651212
4866,-1.2730229584745658,-1.2354593431759973
4867,-0.8979492455489876,-0.9854443900084231
4868,-1.0371818089669989,-0.9540754332376565
4869,-0.958667427994484,-0.9767892834742474
4870,-1.1018570522929347,-1.1379675433236138
4871,-1.1795861499254094,-1.201253470696065
4872,-1.0843074127685193,-1.1028581686397994
4873,-1.000717793324197,-0.9800048705698466
4874,-1.0569216964780823,-1.1321012870843408
4875,-0.8878953266987758,-0.9101434363599131
4876,-1.4149140313614246,-1.3642825172044402
4877,-1.0373489052750344,-1.0280469999466884
4878,-1.0700693583303644,-1.1558096082892166
4879,-1.0546597909119169,-0.9957073651810707
4880,-1.084441671075747,-1.0276275202724061
4881,-0.9219283826591432,-0.922761383250102
4882,-1.1168090160502944,-1.1923871310572454
4883,-1.433933851330779,-1.419293581311005
4884,-0.7045986123804776,-0.6752754282114781
4885,-1.1432037030079567,-1.1384907255838814
4886,-0.9290284814760666,-0.8895211936632903
4887,-0.9407962329627932,-0.9342049554528626
4888,-1.0748289324516471,-1.030371172695802
4889,-0.811733136805453,-0.8828022635995753
4890,-1.0254662129306054,-1.0600702831747535
4891,-1.181883458019227,-1.2483787099383803
4892,-0.8856853403786357,-0.9052152736378698
4893,-0.8235359958900038,-0.7874838334429087
4894,-0.6767480328113218,-0.6710943914136414
4895,-0.8900098615838575,-0.753982376541271
4896,-0.8003350108168846,-0.7162176950157392
4897,-0.8013858203740083,-0.8082897419370153
4898,-1.1616392486779266,-1.1477756701691997
4899,-1.0755594321923665,-1.1245068374116796
4900,-2.342188533614664,-1.9676020856962015
4901,-1.1425716091496076,-1.121532725573345
4902,-0.957853779312252,-0.9546256224356331
4903,-1.227833456463284,-1.1950496085561582
4904,-1.2707284483416328,-1.2092787077363614
4905,-0.776856451995613,-0.7574108438187207
4906,-1.203492529538213,-1.0324759077150334
4907,-1.018733630808749,-0.9564696088072717
4908,-0.5666962741881378,-0.5388426982383258
4909,-0.7219558527440201,-0.39025408302204956
4910,-0.8401177610669818,-0.6855606720235016
4911,-0.9725115219751994,-0.8823098952879624
4912,-2.3143455726759776,-2.42041551780858
4913,-0.7852075820745423,-0.8026618342958787
4914,-0.6109414026141167,-0.4578906550809282
4915,-1.52173560195499,-1.3843508299212752
4916,-0.8510188827912013,-0.8036065081271697
4917,-1.177715964095537,-1.1333776451565702
4918,-1.1358425767942406,-1.0887110567236014
4919,-1.8500203815373508,-1.9910711016964933
4920,-1.0641080416165865,-1.1490927809770337
4921,-0.6187768629355024,-0.5956779114738491
4922,-0.7041679053771787,-0.8323020127056172
4923,-0.9390282954356468,-0.9823824423930229
4924,-0.75158387838408,-0.8468100215876516
4925,-0.4420263748760371,-0.45702846123149543
4926,-0.5925248685733292,-0.6465104175728636
4927,-1.918172152146049,-1.9848534046927753
4928,-1.810660038675581,-1.5804611774604107
4929,-1.0188079255598563,-1.0298645072478854
4930,-0.5554946744814515,-0.5988504092184015
4931,-1.298680309896116,-1.2175393453716166
4932,-1.0891386549919844,-1.109718516524806
4933,-0.5671351226046681,-0.561384063522433
4934,-0.9403154406436656,-0.9986945404263077
4935,-0.8060574374457662,-0.7443783420803329
4936,-0.9037098451094194,-0.8479374753076164
4937,-1.0411841222482134,-1.1301685600966183
4938,-0.586748650693518,-0.5955938669397511
4939,-1.3406149435412975,-1.3026781837816375
4940,-0.646644912316249,-0.6741640905183601
4941,-0.4931990120762078,-0.472462324120459
4942,-0.9281697698341784,-1.0383927115310578
4943,-1.3158520219862,-1.2929731372557507
4944,-1.05646404158324,-0.9801906751730391
4945,-0.8746586432680488,-0.811700129813806
4946,-0.9411112329234248,-0.7969856278628904
4947,-0.6193406544914541,-0.6222149286922837
4948,-1.2409324986594064,-1.1518675082549834
4949,-0.3825810916388212,-0.37622150876393323
4950,-0.6860177041962743,-0.6145783959143211
4951,-1.418438701666603,-1.570104757774222
4952,-0.7612325738566791,-0.8103049349123775
4953,-0.6482581149700076,-0.661329069010701
4954,-1.0190727096050978,-0.9911575013144968
4955,-0.7302246282971094,-0.6233413356710158
4956,-0.9999388798262722,-0.7769017316394113
4957,-0.9415457627569982,-0.9053435957845187
4958,-0.855380630120635,-0.8262882975506068
4959,-0.8058437128861745,-0.8142612290235589
4960,-1.1247942678688108,-1.1656833866006036
4961,-0.9446739414706826,-0.9839939308893341
4962,-1.034221477806568,-1.0545098361062153
4963,-0.8852954423055053,-0.8441725320395244
4964,-0.7610574043714083,-0.745253008391176
4965,-0.4318474806272067,-0.37439574396516373
4966,-0.6982409510501596,-0.6827537150375093
4967,-0.9217220960661422,-0.9179728315613873
4968,-0.6760195586108422,-0.7164657308854147
4969,-0.6939290863598964,-0.6240613922336343
4970,-0.5090557582794674,-0.3587634633417578
4971,-0.5399916061135226,-0.4998888459901847
4972,-0.8337219284505261,-0.6471023348708346
4973,-0.713239898905158,-0.701501860393586
4974,-0.9903771159923184,-1.0458911251999579
4975,-1.86609034789236,-1.5388200764721665
4976,-1.3722426590166594,-1.159169661690927
4977,-0.8680148673435998,-0.8695896079391543
4978,-1.615891655286153,-1.6445970850883673
4979,-0.6323053555055098,-0.5220410149122107
4980,-0.5826297628787137,-0.5596653341876068
4981,-0.6521441418995229,-0.650306352911631
4982,-1.5348495910334032,-1.5740568647025028
4983,-0.4398903153159401,-0.4323762101201124
4984,-0.536078797976176,-0.5229218600706645
4985,-0.973308481911356,-0.904240370940672
4986,-2.8660458496638705,-2.728657861624063
4987,-0.8723394991829991,-0.7292386488376659
4988,-0.838406616403151,-0.8365924541251681
4989,-0.8799949600062239,-0.867623187230448
4990,-1.608322542646657,-1.7235938884265845
4991,-1.174645898803588,-1.2061500418305418
4992,-0.7348146498203277,-0.731446095089435
4993,-0.3445174816086536,-0.33337580585506416
4994,-0.8937438033347906,-0.8672794338639589
4995,-0.5863461764529347,-0.5870187614053507
4996,-1.0411490895027338,-0.9723253759186731
4997,-0.4521153490672739,-0.4867397841854748
4998,-0.7651857659220695,-0.6755345852743907
4999,-0.8019520469414171,-0.8423972553040625
5000,-0.8523013758104901,-0.8864397796527813
5001,-1.1010272615942462,-1.1183467109508927
5002,-1.1868355653082678,-1.2145634697453216
5003,-1.188607050466907,-1.2044440723387493
5004,-1.0435988884563594,-1.074178920551741
5005,-0.97483099893082,-1.0213167911831074
5006,-0.7444276172061299,-0.7679592937273664
5007,-1.0852217360060343,-1.210368188231229
5008,-1.492373660553333,-1.4895134834189485
5009,-1.1341289540593935,-1.1785135415824173
5010,-1.320647069650103,-1.316720067976091
5011,-1.7577111498340146,-1.691153040107006
5012,-2.023860216140747,-2.323943806952696
5013,-1.4545352888889,-1.473129738861526
5014,-0.8325672870458558,-0.8758349702800978
5015,-1.1215517120435834,-1.120991699976441
5016,-1.0732602666514788,-1.0738078221937548
5017,-1.1319916433142136,-1.1664988277548525
5018,-1.0582572942556336,-1.0813653105482668
5019,-1.1829018371049749,-1.1663211201705235
5020,-1.0559850672418758,-1.1056882255087317
5021,-1.0711479390314382,-1.09852578226598
5022,-0.9962144554123398,-1.054773769700042
5023,-1.3038683584494184,-1.2783517147439705
5024,-1.246577080830123,-1.239186872592852
5025,-0.3666344290105706,-0.37281824315557277
5026,-1.152183166770048,-1.069102258571463
5027,-1.187985709471296,-1.207484013420479
5028,-1.054840048154195,-1.019781697735035
5029,-1.2196027696594711,-1.2634453578493348
5030,-1.3868459028791087,-1.4231184742222145
5031,-1.346942754678948,-1.3005129197495646
5032,-1.4793248185815735,-1.525201145978754
5033,-0.9159475149110308,-0.9872826121035859
5034,-1.0914422347564106,-1.1319749079155301
5035,-1.0825485748838084,-1.1066263148655593
5036,-0.96892538468043,-1.0480093638354449
5037,-1.100191212439722,-1.163315663748495
5038,-0.8717577337294586,-0.8932534772709511
5039,-1.0245628818985104,-1.0804264603712666
5040,-0.6472567017261799,-0.6718376092143526
5041,-1.117017427156138,-1.1910279550429819
5042,-1.2828941594722658,-1.2955850751569309
5043,-1.5494173691254254,-1.515772158141164
5044,-1.078914817913558,-1.1986531859005718
5045,-1.0106158228807671,-1.0612497241174714
5046,-1.0728470443740603,-1.1012518141663443
5047,-1.4085927850516269,-1.3857498792068514
5048,-1.067256670589595,-1.093360901103458
5049,-0.9574986141781474,-1.0198471949614154
5050,-1.1749451585518298,-1.1620014153597698
5051,-1.3266946271408435,-1.3658963341877357
5052,-1.1544191929721093,-1.2011131071751333
5053,-1.4398691608000171,-1.3773134815698698
5054,-1.1884810702745303,-1.205972911476685
5055,-0.791381604911745,-0.8217596846488109
5056,-1.2006432779075564,-1.2005325189954037
5057,-1.1739315358243247,-1.1110182074588852
5058,-1.2941876557446266,-1.366116312667529
5059,-1.080368095590163,-1.1354251464462595
5060,-1.3946322304333827,-1.456334680239429
5061,-1.2098173512968906,-1.2138805652512912
5062,-0.9666068729504136,-0.98357402971993
5063,-1.626146714816722,-1.6342248116175553
5064,-1.175855947457827,-1.2259787762184118
5065,-0.6414808755697206,-0.6389765280818462
5066,-1.2543311960013337,-1.2788804947993222
5067,-0.9536285529765048,-1.0074494930391185
5068,-1.0859030466671138,-1.0836607251228263
5069,-0.9739166618317596,-1.0145412867740968
5070,-1.0716121566388035,-1.1047222302130324
5071,-1.3126106862873994,-1.3240500153766546
5072,-1.1677210682122283,-1.153973159556676
5073,-1.026311990826629,-1.0793923498357787
5074,-1.1950478054756342,-1.2488581676753479
5075,-0.9568744929490892,-0.9896082123705483
5076,-1.4958941243415655,-1.5271170479897105
5077,-1.043339686800343,-1.102117534923093
5078,-1.1655623432277709,-1.1937238152299126
5079,-1.1639694874569522,-1.1582841650340514
5080,-1.056423589240673,-1.055183832251471
5081,-0.9798299166583276,-0.9687671963334261
5082,-1.142754017844681,-1.2094182990029794
5083,-1.3993605171987251,-1.3815518803227178
5084,-0.6903346023469601,-0.7156842877360451
5085,-1.2008123157560364,-1.1783883680964096
5086,-0.9815866087758264,-0.9524849788701967
5087,-0.9487642816794936,-0.9247502213406527
5088,-1.060720152633135,-1.0520182556268576
5089,-0.9163657010987748,-0.9046741956264512
5090,-1.123657874358717,-1.0987781343688796
5091,-1.2242359828579334,-1.2405681574300877
5092,-0.9485730773718782,-0.9243336782207676
5093,-0.8380467281785122,-0.861918717155618
5094,-0.6111515639703485,-0.6228161868979869
5095,-1.0009311659391535,-0.9659000748942611
5096,-0.991530837014664,-0.9122605662502591
5097,-0.9155958678371222,-0.9047239285720058
5098,-1.1554515260134557,-1.2174782513319786
5099,-1.098975661189057,-1.1453250849379815
5100,-2.1450338083155014,-1.958420315436199
5101,-1.0657244634258656,-0.9711427225975082
5102,-0.8963167186855345,-0.8683947996242399
5103,-1.2297876808378432,-1.0074896921329408
5104,-1.1774123660449325,-1.1628886994507674
5105,-0.7368739298147748,-0.7122448566176475
5106,-1.1222489853294528,-1.036912354233499
5107,-0.9614781963732816,-0.8995372806724148
5108,-0.5597351946572001,-0.5408658384793894
5109,-0.594729592770706,-0.4258209493036889
5110,-0.7844253006435576,-0.6926527143337489
5111,-0.8915708700815836,-0.8536706135116219
5112,-2.023715819631304,-2.324290909456444
5113,-0.7248913354651872,-0.6128331914278249
5114,-0.6403957074508071,-0.49816732258158547
5115,-1.447906302081214,-1.29027970181928
5116,-0.8071097642183304,-0.7810901976969422
5117,-1.1571758754493655,-1.0841984318436089
5118,-1.0215643808759491,-0.9505761603683373
5119,-1.861947476863861,-1.6728510580143523
5120,-1.1242344677448273,-1.0470365240490573
5121,-0.6259110362030739,-0.47245373879164165
5122,-0.6549722494148627,-0.5774737279481634
5123,-0.8829192690146986,-0.8070829519763598
5124,-0.6882125989411229,-0.66745461432309
5125,-0.4420889043068701,-0.44366580491384594
5126,-0.5871640092642733,-0.5451333003955544
5127,-1.7684881479843804,-1.5663761455483305
5128,-1.7900059393474037,-1.599679269926956
5129,-1.0107431853259052,-1.039897122515174
5130,-0.5827615037560463,-0.5290315724261586
5131,-1.4531632308606748,-1.2956793386080865
5132,-1.0213569980114698,-1.0106440138587591
5133,-0.5678631933405995,-0.5175972046072421
5134,-0.8909581992053246,-0.8231007041032214
5135,-0.7847060149954271,-0.7162767396852462
5136,-0.8407128222964027,-0.800207301795078
5137,-0.995059801626575,-0.914382571046355
5138,-0.578106074821292,-0.5546467767222099
5139,-1.3388117755106252,-1.2791095784927244
5140,-0.6439870100754957,-0.6700468422487015
5141,-0.4679679168287173,-0.3808978117035513
5142,-0.9311714486558308,-0.9195515904748964
5143,-1.2801572638888692,-1.2386325770294602
5144,-1.0357524994760752,-0.8969689225757765
5145,-0.8278060555458069,-0.7306060541142126
5146,-0.8822255773820739,-0.7486525979626124
5147,-0.5778259408566379,-0.46998926880446024
5148,-1.1744183557374137,-1.185232249015306
5149,-0.4073548904105799,-0.39177398490231896
5150,-0.6589982220903039,-0.5878539857685643
5151,-1.316255198892697,-1.3386165678326865
5152,-0.7917085784350255,-0.766489648985054
5153,-0.6228354319121486,-0.5465516598662011
5154,-0.9950504237785937,-0.9762794851196404
5155,-0.6936601192232162,-0.676108247179963
5156,-1.0033923424491586,-0.8430369643132463
5157,-0.957873916441156,-0.8409715814277005
5158,-0.8894781041890383,-0.8229940316531494
5159,-0.7920811901489894,-0.8157467185233892
5160,-1.041625508966372,-1.0528488077282043
5161,-0.9107379727065564,-0.7834673601259086
5162,-1.0138957023620605,-0.960225542697267
5163,-0.8634438598528504,-0.7915726038821808
5164,-0.8020593551489023,-0.67898522262057
5165,-0.3773728140398987,-0.3415012213236426
5166,-0.6782202840775482,-0.656608810118965
5167,-0.8413119768911554,-0.7016657756881031
5168,-0.7034732297409413,-0.7058634537827118
5169,-0.6810216728106949,-0.552645438514975
5170,-0.4884143708244202,-0.39305579556568726
5171,-0.4986242767452269,-0.4260770405581837
5172,-0.7776891418865749,-0.6162111591005193
5173,-0.745290644466877,-0.7106114023951711
5174,-1.001996421180995,-1.0015376478729017
5175,-1.7506556699150486,-1.6208132979554204
5176,-1.2664636963292173,-1.1776667289744587
5177,-0.8255500206871639,-0.6808722210196084
5178,-1.6332793669267134,-1.4399482861141248
5179,-0.6051300850781527,-0.522381973521904
5180,-0.6486512006715287,-0.5335636828946836
5181,-0.6369270243385966,-0.6471433854730408
5182,-1.449830239133317,-1.326375677379412
5183,-0.4374123421582309,-0.41137585469711696
5184,-0.5107947969436646,-0.5161095174159022
5185,-1.0194679544877636,-0.8449847846497944
5186,-2.7891953332083568,-2.46516254217738
5187,-0.8319508042186499,-0.6965335306530268
5188,-0.831753133803375,-0.7764844509604194
5189,-0.8877728947805702,-0.8205857494613038
5190,-1.6523199496061909,-1.5712839883464034
5191,-1.1969769500917005,-1.124799539864514
5192,-0.6580296039581299,-0.6682877765370323
5193,-0.3634517089588435,-0.32757798408034555
5194,-0.8637382817822833,-0.9030278208901894
5195,-0.5623756255954504,-0.5157268291240619
5196,-1.0216139148372088,-0.9821414535154549
5197,-0.4395160739736039,-0.4065387993298328
5198,-0.7061454057693481,-0.6617050311013148
5199,-0.7855190306670906,-0.7418065718225986
5200,-0.8463056937668675,-0.8864396853709515
5201,-1.0965853970626305,-1.1183474587964366
5202,-1.1788052810254948,-1.2145638479800904
5203,-1.2161814685939818,-1.2044452263345424
5204,-1.0480510171993758,-1.074180152564625
5205,-0.9738211964451988,-1.0213172428873072
5206,-0.7412776983985605,-0.7679602057534409
5207,-1.0815399922141733,-1.210368298033655
5208,-1.4893097119737966,-1.4895135072861052
5209,-1.1590377230976905,-1.1785148565622516
5210,-1.3254657438559123,-1.3167211430426569
5211,-1.7632192111277318,-1.6911525288119238
5212,-2.095911886010851,-2.323947747729498
5213,-1.4668744265056046,-1.473130940198688
5214,-0.8324224505313608,-0.8758353271954752
5215,-1.1048503946512938,-1.1209919387553298
5216,-1.0856450574342595,-1.0738083667232339
5217,-1.1389384149580963,-1.1664991587744102
5218,-1.0637342153593552,-1.081366191449118
5219,-1.1798661013906315,-1.1663210798384533
5220,-1.0877184452012527,-1.105690352081391
5221,-1.0653594750766606,-1.0985267046885752
5222,-1.0274903266004811,-1.0547750299087681
5223,-1.3220858638600783,-1.278351796233853
5224,-1.234851362169251,-1.2391873177008372
5225,-0.3667380677329169,-0.3728186946301465
5226,-1.1235230209291442,-1.0691016331820624
5227,-1.1958634169526805,-1.207484481989161
5228,-1.054121035014012,-1.0197828131875057
5229,-1.2595854295316593,-1.2634477487233728
5230,-1.397518555323283,-1.4231189972176987
5231,-1.3465781544530115,-1.3005138994953376
5232,-1.4992075326830845,-1.5252015432992823
5233,-0.9136364552401756,-0.987283314948692
5234,-1.1015096024949422,-1.1319756122694387
5235,-1.073108666626982,-1.1066265346814246
5236,-0.9727502405643464,-1.0480107192598804
5237,-1.099464354589004,-1.163316267304107
5238,-0.8790519459303036,-0.8932534635366939
5239,-1.015155702598335,-1.080425446071523
5240,-0.6531063575011034,-0.6718380427782615
5241,-1.1315782171811244,-1.1910292856977363
5242,-1.2552988030189691,-1.295584321852943
5243,-1.5452609755272089,-1.5157719292716378
5244,-1.0687137943829677,-1.1986535570637555
5245,-1.0164824068084244,-1.061250913035493
5246,-1.0686840466626986,-1.1012531145704425
5247,-1.4095655919969543,-1.3857497052870658
5248,-1.0791830369668414,-1.0933615570997153
5249,-0.9851155761600464,-1.0198485952156713
5250,-1.1690083631249362,-1.162001604737731
5251,-1.3304955192314565,-1.3658975971962959
5252,-1.151284885036853,-1.2011134334525215
5253,-1.462266629980516,-1.37731284458531
5254,-1.1618877048640288,-1.2059718828164476
5255,-0.7926169116367665,-0.8217603607092655
5256,-1.1902339458465576,-1.2005324347427735
5257,-1.1762385728747349,-1.1110181045850271
5258,-1.318572537843571,-1.3661179720093708
5259,-1.0753845798876858,-1.1354255807418756
5260,-1.385572220927985,-1.4563347698390792
5261,-1.2269670103871546,-1.213881318454701
5262,-0.9731471695641216,-0.9835738831084698
5263,-1.6305975867796314,-1.634225412257323
5264,-1.1772841902879567,-1.225978016915531
5265,-0.6646825213764989,-0.6389778059364842
5266,-1.2731120928313382,-1.2788817309577103
5267,-0.9581094758455144,-1.0074496565051143
5268,-1.0935100788293883,-1.083660839016944
5269,-0.9820502663767616,-1.0145427497957606
5270,-1.08160793319229,-1.104722798239247
5271,-1.3053680852402088,-1.324049868178542
5272,-1.1480897701987924,-1.1539735779717115
5273,-1.0327749584996424,-1.0793931481238654
5274,-1.1917101458985675,-1.2488584995734122
5275,-0.9528204782874184,-0.989608271748984
5276,-1.5002045224803362,-1.527117953834861
5277,-1.0576517045959946,-1.1021190451900744
5278,-1.1454714000687118,-1.1937230959732594
5279,-1.1727408898078788,-1.1582845324165636
5280,-1.0664661060007967,-1.0551838300234588
5281,-0.9838472577028496,-0.9687679348997863
5282,-1.1547899384831273,-1.209418923919664
5283,-1.4022789130839266,-1.3815513589307484
5284,-0.7104041194016079,-0.7156850609781206
5285,-1.187762091326159,-1.1783882401926609
5286,-0.9899153829545012,-0.9524856681915902
5287,-0.9277378200560578,-0.9247495890504711
5288,-1.0769061099651247,-1.052018395754768
5289,-0.8990099291468776,-0.9046741986515934
5290,-1.1097209878670151,-1.0987772951918424
5291,-1.2119279730227566,-1.2405678529832318
5292,-0.9332365675490032,-0.924333007713707
5293,-0.8448662822560746,-0.8619190852538521
5294,-0.6609757338898091,-0.6228161040955036
5295,-0.988667698793633,-0.9658992955221335
5296,-0.9829276301140007,-0.9122595926192429
5297,-0.8906253234360569,-0.9047234165072648
5298,-1.1621083631071931,-1.2174788353942345
5299,-1.0912797950034918,-1.1453252783606238
5300,-2.163555615088519,-1.9584206429239877
5301,-1.041810669640238,-0.9711391657549155
5302,-0.8825796768646832,-0.8683940025032137
5303,-1.1720833513471816,-1.0074856643825438
5304,-1.2269713878631592,-1.1628929827606778
5305,-0.7415368861930315,-0.71224519746681
5306,-1.1085535969052995,-1.0369121181353502
5307,-0.9477358409600664,-0.8995353609221833
5308,-0.5584802664527597,-0.5408652079033809
5309,-0.6050358554463328,-0.425820278429858
5310,-0.7820181846618652,-0.6926532281282487
5311,-0.92362885872523,-0.8536718137757777
5312,-2.095911886010851,-2.324294922515906
5313,-0.695004846698554,-0.6128317121242056
5314,-0.6256389627233148,-0.49816669480888875
5315,-1.4558907051881154,-1.290281126247368
5316,-0.8157471001148224,-0.7810896306547094
5317,-1.144100628157919,-1.084196754654231
5318,-1.0352831106076297,-0.950576195960238
5319,-1.8045711246403784,-1.6728453331264261
5320,-1.0896365940570831,-1.047034025786598
5321,-0.6044341094734133,-0.47245095526049996
5322,-0.6363906307918269,-0.5774715115405702
5323,-0.8543354448421981,-0.807081023476699
5324,-0.6866560813992523,-0.6674542218464243
5325,-0.4418556671734004,-0.44366611804958367
5326,-0.58761877144954,-0.5451318547830319
5327,-1.7169926943986311,-1.5663727457355952
5328,-1.7926788443610782,-1.5996784667850128
5329,-0.983217649989658,-1.0398972101560802
5330,-0.5481775682419538,-0.529030020872629
5331,-1.5500766966078017,-1.2956814914647676
5332,-1.0068962071090937,-1.0106422783060718
5333,-0.5650767162442207,-0.517596817507406
5334,-0.8624781046726907,-0.8230986353755185
5335,-0.7756950753603795,-0.7162751339459139
5336,-0.8499163064089689,-0.8002075099761987
5337,-0.9782058388687844,-0.9143824619840796
5338,-0.5755611629936639,-0.5546463943551764
5339,-1.3442070447197256,-1.279109108946073
5340,-0.6487729916205773,-0.6700472879691403
5341,-0.4463062914767006,-0.3808963727503336
5342,-0.9280634600986806,-0.9195504263347187
5343,-1.2725744524667428,-1.2386318393481857
5344,-1.006850890815258,-0.8969654884393917
5345,-0.8236991949379444,-0.7306053581602732
5346,-0.8677256746568541,-0.7486502596449651
5347,-0.5570628559866617,-0.4699868063583673
5348,-1.2203229112284524,-1.1852357160752978
5349,-0.4032217797948353,-0.3917731589701862
5350,-0.650653270073235,-0.5878534845127279
5351,-1.2914904069530873,-1.3386157630511035
5352,-0.7822076997091604,-0.7664881061796297
5353,-0.6105057740396307,-0.5465500030169071
5354,-0.9822327187284828,-0.9762787434163033
5355,-0.7262045542399088,-0.6761095625899822
5356,-1.0151042208191037,-0.8430363023007358
5357,-0.9555341975633488,-0.840970517479363
5358,-0.859708902426064,-0.8229910573727608
5359,-0.7942649185657501,-0.8157472175773343
5360,-1.0304599797078806,-1.0528475307493523
5361,-0.8966631907969713,-0.783465690283281
5362,-1.0096702560782431,-0.9602246368532438
5363,-0.8558781184256077,-0.7915716209788247
5364,-0.7927945696390593,-0.6789800986321214
5365,-0.391750043273991,-0.3415014315160474
5366,-0.6874638962191205,-0.6566084322462097
5367,-0.8400604318278705,-0.7016648284880879
5368,-0.6942249074462772,-0.7058626614166784
5369,-0.6425572763117708,-0.5526428004154545
5370,-0.480950411350008,-0.39305496190679606
5371,-0.4938005911287411,-0.42607585051299834
5372,-0.7868969257997007,-0.6162100564215748
5373,-0.7393699707463384,-0.7106111571759818
5374,-0.9986932857901648,-1.0015369198804953
5375,-1.764813962735628,-1.6208103794767978
5376,-1.270164916389867,-1.1776675257555718
5377,-0.8398491484778268,-0.6808710642758543
5378,-1.586435570861354,-1.4399417358662518
5379,-0.6042065403678201,-0.5223823123516729
5380,-0.6131725126458692,-0.5335611023375161
5381,-0.6459492444992065,-0.647144426465823
5382,-1.4281180773594582,-1.326372271498909
5383,-0.4557929645885121,-0.41137568726701673
5384,-0.5205172061920166,-0.5161102921730789
5385,-1.0056345758512035,-0.8449815914038059
5386,-2.740236844335284,-2.465155367925713
5387,-0.8218579469248652,-0.6965320455322506
5388,-0.8274231797964998,-0.7764827109859711
5389,-0.87917927973861,-0.8205850078321959
5390,-1.634738134301227,-1.5712814454562467
5391,-1.191358287488261,-1.1247976127889743
5392,-0.6809712499380112,-0.6682883461700513
5393,-0.3553677037006288,-0.32757686065865116
5394,-0.8825269771176715,-0.9030280455799568
5395,-0.543365859426558,-0.5157257293149409
5396,-1.0331594907036123,-0.982141094180566
5397,-0.4285451432531194,-0.4065379055485215
5398,-0.7052162112668157,-0.6617046082504712
5399,-0.7649041885553405,-0.7418048433521873
5400,-0.8809087988018065,-0.9593438920621938
5401,-1.0786968017446583,-1.1405567960760032
5402,-1.2299433955850527,-1.269703209460763
5403,-1.1879388177117636,-1.206804102870779
5404,-1.0078909249268762,-1.1101002726837728
5405,-0.9783260776090992,-1.058360105665924
5406,-0.7611083124959191,-0.8321034764564044
5407,-1.0463420328243758,-1.254779000999537
5408,-1.4867185113966004,-1.5469833896407357
5409,-1.192164656727813,-1.2469681079756532
5410,-1.3466522194618402,-1.3453992272522852
5411,-1.7801377092088972,-1.6820139878424487
5412,-2.2692047357559204,-2.5613234668284877
5413,-1.4452703174997548,-1.5103138440710604
5414,-0.8625321822573048,-0.8929152621986713
5415,-1.1218159226700664,-1.1301971440998728
5416,-1.0882370619810828,-1.0721864675756683
5417,-1.1384240610654963,-1.1517464126035837
5418,-1.1479130613711452,-1.1329446404729415
5419,-1.1806951659594396,-1.1797633725493417
5420,-1.0892932941747266,-1.1760559093255487
5421,-1.1033155890398247,-1.173467003992878
5422,-1.026071128919143,-1.0867199006079886
5423,-1.2873093776924664,-1.2607772015975338
5424,-1.250806109849797,-1.2350555869616533
5425,-0.365881941257379,-0.37547950535180835
5426,-1.116232205731,-1.0168547094036486
5427,-1.175732547922652,-1.2317730442441597
5428,-1.0490103562672932,-1.0235343537601294
5429,-1.240489404330882,-1.2541027061300671
5430,-1.3776590131049933,-1.4844734949619687
5431,-1.3278960072717,-1.3049073980021904
5432,-1.492682134458261,-1.5327756137206738
5433,-0.8911015063293221,-1.0062283313442388
5434,-1.1005493282347687,-1.1606733273304246
5435,-1.0675231929897335,-1.104764009432148
5436,-0.99332357943058,-1.135407978321379
5437,-1.078470263370248,-1.142453595188268
5438,-0.9115135373995286,-0.9156540282520681
5439,-1.057195953620497,-1.1096838574410477
5440,-0.6553863277802101,-0.6948644583765606
5441,-1.1644281925157058,-1.2750679328434695
5442,-1.239262571630552,-1.2558579960644767
5443,-1.527095351108285,-1.5215380244286434
5444,-1.0739866606024808,-1.278635229672523
5445,-1.0072845331458158,-1.1606532591392076
5446,-1.088834025728421,-1.118319058878879
5447,-1.3600202429202175,-1.3742847138613108
5448,-1.060890841853711,-1.1278989156687254
5449,-0.9884906831637832,-1.086400741345851
5450,-1.1985707837481832,-1.1401930585195876
5451,-1.3681361832359964,-1.4278209163323679
5452,-1.1720557397650193,-1.2775530385626377
5453,-1.390029971913774,-1.32741330357995
5454,-1.138625277105228,-1.2780406470931012
5455,-0.7980308791463689,-0.888611963355943
5456,-1.213320261748262,-1.2051053171682833
5457,-1.1567448913589005,-1.0513196877214304
5458,-1.3120790830878324,-1.435755763761546
5459,-1.0519425785818766,-1.1808886659433837
5460,-1.402054600013319,-1.538316220030943
5461,-1.265721516091694,-1.2451468320861196
5462,-0.946619140085324,-1.0095058579563692
5463,-1.627385739208192,-1.673351359420097
5464,-1.1714518354489254,-1.2291803479397019
5465,-0.7010607118754424,-0.6513216379420378
5466,-1.2660555442174275,-1.322969122147898
5467,-0.9571023680442988,-1.0807698586916115
5468,-1.1252085635828415,-1.099805175909136
5469,-0.954593440358953,-1.03528908824311
5470,-1.107840195182682,-1.1504234089102656
5471,-1.2764237527699434,-1.3073208557492968
5472,-1.2160636768784634,-1.1919061587166926
5473,-1.056169030278228,-1.1237506782151891
5474,-1.168234742889109,-1.239753020743245
5475,-0.9384534527770186,-1.0399394964467472
5476,-1.532519682433254,-1.552960145801774
5477,-1.0633543720541074,-1.1561586020952628
5478,-1.1620632687280343,-1.2013519351923332
5479,-1.2072687674376923,-1.191053168632662
5480,-1.1169761068137116,-1.0533769061794254
5481,-0.9758759043937506,-0.9837204803059009
5482,-1.1946450684421746,-1.2944931353365654
5483,-1.4457257089688795,-1.4176568579897928
5484,-0.6924219165208205,-0.7460683571119482
5485,-1.2288785452066466,-1.1804905686992444
5486,-0.9513632142266562,-0.938043156110792
5487,-0.9738825273144152,-0.9369227572245792
5488,-1.1204700165016706,-1.0859099885689056
5489,-0.9102366645206776,-0.8985876008931896
5490,-1.0995797990828522,-1.0967115978387223
5491,-1.2080035856527875,-1.2351137801339076
5492,-0.975340162136758,-0.944977668099652
5493,-0.8848725982414659,-0.9035132759190387
5494,-0.6843608663051943,-0.655297120681554
5495,-1.0068874636361764,-0.9513386945777242
5496,-0.9941890082618062,-0.8324891094169535
5497,-0.9184708502865576,-0.9307938478972855
5498,-1.1826274903245677,-1.2628550278266568
5499,-1.080296098723892,-1.1911567847425784
5500,-2.163116868804483,-1.8689510007078136
5501,-1.068385394968728,-0.8883607245830777
5502,-0.908496481503627,-0.7991943176522448
5503,-1.2570384449428982,-0.7943163595790499
5504,-1.2350945554930588,-1.1852265604706576
5505,-0.7625042773032373,-0.6895653817896233
5506,-1.1690371158171673,-0.975188021963612
5507,-1.0054179827372234,-0.8514373382888091
5508,-0.5427730416142663,-0.4561985028111433
5509,-0.627578290892236,-0.3161817983577706
5510,-0.8146710770470755,-0.5905349034182222
5511,-0.931286895275116,-0.8501109867494205
5512,-2.2692047357559204,-2.5612837855689263
5513,-0.7127405636070311,-0.5255725570741338
5514,-0.6365289194509387,-0.35766935912069553
5515,-1.531288507911894,-1.13303144207759
5516,-0.8328773826360703,-0.7322151017256265
5517,-1.1655077592347018,-1.002765697668517
5518,-1.0567054296361988,-0.8751815130458097
5519,-1.7813530889424412,-1.5893057095340908
5520,-0.9854795588896824,-0.9294870057716772
5521,-0.61377785187359,-0.3328767839948351
5522,-0.6722232946535436,-0.473306467589007
5523,-0.9164616784384084,-0.6763739798703499
5524,-0.6927885805913644,-0.5950844698872509
5525,-0.4412720563799835,-0.4428350560406777
5526,-0.5759628530620604,-0.4952522855445351
5527,-1.758863900018775,-1.4705606771299273
5528,-1.774311593600682,-1.4374176720754241
5529,-0.9653463849314936,-0.937318277669397
5530,-0.5174611955881119,-0.44105941121344167
5531,-1.2948522876810145,-1.1181548328706206
5532,-1.0116519648581743,-0.9436823117113889
5533,-0.5584475789219141,-0.47324628176746986
5534,-0.8928268343903297,-0.710471591826294
5535,-0.8198116777479186,-0.6488837026677168
5536,-0.9135468940843235,-0.785523795797103
5537,-0.9999047379161036,-0.7907450594128
5538,-0.5595886256751113,-0.5228324193059122
5539,-1.3251624190530111,-1.202911806867767
5540,-0.6487955377652095,-0.6923805103307994
5541,-0.4480189491612042,-0.26287798161594444
5542,-0.9394296453904736,-0.8816411372441759
5543,-1.2706180912579677,-1.1961032403820877
5544,-1.0508196651935575,-0.7609964560023843
5545,-0.8540280433371663,-0.6487688589399102
5546,-0.9364376275435738,-0.5670063015085416
5547,-0.6209662995597188,-0.3699366204714287
5548,-1.1753466853073664,-1.1732097609991508
5549,-0.3926690461030647,-0.3964187085566528
5550,-0.6636923905462027,-0.5081380072082369
5551,-1.3282233106997583,-1.2741938626286835
5552,-0.7715670276981915,-0.7059594449623106
5553,-0.6270927745242452,-0.4654544025313486
5554,-1.0088634910061955,-0.9442777466576403
5555,-0.7266424213136945,-0.7317417551726393
5556,-1.032310313956682,-0.7112040819083578
5557,-0.9296994440315306,-0.7461023825254177
5558,-0.848875186406076,-0.7388763750473084
5559,-0.7966657330592474,-0.832298813685863
5560,-1.042297829953275,-1.023619169407192
5561,-0.9034672509878874,-0.6180837581082927
5562,-1.0144034340977668,-0.9302424097803512
5563,-0.8486107466742396,-0.7191984037264388
5564,-0.7772928522183344,-0.5402021613910281
5565,-0.401934155032166,-0.3030783526382942
5566,-0.6873548576074053,-0.6201625309327513
5567,-0.8348290652267693,-0.4739447935798878
5568,-0.6939153449479923,-0.7009099026594799
5569,-0.6555637842000916,-0.44438097387373576
5570,-0.49945068359375,-0.3430761609359716
5571,-0.4929465951845627,-0.3242470116725455
5572,-0.7963488211437147,-0.4585930742856685
5573,-0.7037148354575038,-0.6515341716899377
5574,-1.0228790150279492,-0.8895420986190279
5575,-1.768118136807492,-1.5973419899644958
5576,-1.350548219680786,-1.1593998702638633
5577,-0.8333631489011977,-0.5635307560550133
5578,-1.579301093563889,-1.2316435139967843
5579,-0.5808530742471868,-0.486836173886163
5580,-0.6091500705526781,-0.40415155006535086
5581,-0.6510094690692517,-0.6575566403155904
5582,-1.4795029255770895,-1.1707716323781616
5583,-0.4268811919472434,-0.40445274152421173
5584,-0.5161002985636394,-0.5484377029697342
5585,-0.9765451277873312,-0.6401479592151998
5586,-2.707166887464977,-2.460866926645355
5587,-0.8164998181164265,-0.5197509144336988
5588,-0.8266903836597768,-0.717243629389595
5589,-0.8823316315992162,-0.7479150212487538
5590,-1.59489673635234,-1.5112507904256467
5591,-1.174808552188258,-1.0522991182521941
5592,-0.7150670379400254,-0.6888101533348163
5593,-0.3286756680706355,-0.2738556601771305
5594,-0.890701504640801,-0.9093101735230861
5595,-0.5609485162422061,-0.45187031552268037
5596,-1.044952851857326,-0.9296100705098747
5597,-0.4426208743753359,-0.38657740122859063
5598,-0.7330436408519745,-0.585210130762059
5599,-0.7591185994850572,-0.648648450486178
5600,-0.8254161075104115,-0.794929077264758
5601,-0.9391747970005562,-0.9227318435710692
5602,-1.012437929478727,-1.039182756859502
5603,-1.18335568997287,-1.0742629464151505
5604,-1.033841836360074,-0.9915359612216497
5605,-0.8802596681801848,-0.8523718962724779
5606,-0.6409241395403248,-0.6142266941264475
5607,-0.953840086626452,-0.9669027312173144
5608,-1.2112475938575211,-1.188868311335636
5609,-1.1569206335747888,-1.1043425902633266
5610,-1.17537845474805,-1.1454999182945589
5611,-1.604977419088175,-1.642435620720356
5612,-1.9525493724005565,-1.9443741569749615
5613,-1.2116738772783122,-1.2404980859659214
5614,-0.6792425656503485,-0.65634120823089
5615,-1.1145022083073854,-1.0969174955400391
5616,-1.0041927210120267,-0.9842579958054595
5617,-1.046315954637158,-1.0174112550129057
5618,-0.8647703699363295,-0.8702044833462262
5619,-1.0529934944108474,-1.0040701554835079
5620,-0.877320316410804,-0.8604527325494934
5621,-0.8526158887286519,-0.8035627763895247
5622,-0.921697502912477,-0.9033303780668741
5623,-1.192886430163716,-1.183075284439777
5624,-0.8832691140877184,-0.8261904929507781
5625,-0.4038598343857333,-0.40928868179067773
5626,-0.8690777998562007,-0.7939450659768583
5627,-1.0989647844965145,-1.0838990450578874
5628,-0.8826677254004072,-0.8843125046848298
5629,-1.0908004701599594,-1.0305144333726162
5630,-1.2101257290951042,-1.2135327278419412
5631,-1.1469363103541292,-1.0872470764509437
5632,-1.3226301208022953,-1.336882424982924
5633,-0.8220957878024079,-0.8248763595885692
5634,-0.9403133078138958,-0.9107825752657019
5635,-0.9177788532981576,-0.9072622954348339
5636,-0.825439061721166,-0.8410937982874859
5637,-1.0583840830381526,-1.1005774458836237
5638,-0.8232371289600697,-0.8100301618829244
5639,-0.8755451209785402,-0.8973513287483836
5640,-0.6550959211129409,-0.6493396279332325
5641,-0.8170805291612019,-0.8106600502818416
5642,-1.0843879631323408,-1.0493496914928764
5643,-1.2548398740531863,-1.2252632975389743
5644,-1.0095012770142666,-0.9879249730979403
5645,-0.8803703295168026,-0.8322208800398024
5646,-0.8557475063744493,-0.8292061708760854
5647,-1.2422972002694772,-1.188399028558204
5648,-0.8650686158690342,-0.8700368422055612
5649,-0.9071803758310716,-0.9364212056051484
5650,-0.9306764842927918,-0.9118135966578758
5651,-1.204841555551041,-1.1858515231453532
5652,-1.0603892738504928,-1.0538647167364006
5653,-1.305544977040254,-1.2905558803093116
5654,-0.9820987974950508,-0.9614245738987984
5655,-0.6535620421402214,-0.6453274483893544
5656,-1.0006429049395775,-0.9805886946810825
5657,-0.9537095783292784,-0.901878091054996
5658,-1.1792370136394057,-1.1608869258793106
5659,-0.9441669199817864,-0.9649394279109441
5660,-1.2301013968711676,-1.2504972466768316
5661,-1.0150442871936531,-1.0258664057311533
5662,-0.9232240268426348,-0.9159222947389224
5663,-1.5292059663654298,-1.4716499850299847
5664,-1.0110207631037786,-0.9998891033509404
5665,-0.5264816201010416,-0.5068122413801441
5666,-1.0910000727158184,-1.103634226386134
5667,-0.7593660215998805,-0.7420611595622129
5668,-0.8281160057053085,-0.8667576824478099
5669,-0.7795558382374371,-0.7642713512379792
5670,-1.0978201636972351,-1.0728712464946404
5671,-1.1552690055019172,-1.1219728379334604
5672,-1.0480619271596272,-0.988371737026339
5673,-0.8425852319066839,-0.8436159313999203
5674,-1.1182899927908136,-1.119062642208039
5675,-0.8393336355158713,-0.8255805665894266
5676,-1.3780751126681188,-1.3582969743114122
5677,-0.9686701889185942,-0.9547706570742976
5678,-1.084434840106225,-1.0540357962491766
5679,-1.0931240845534762,-1.0654562409737103
5680,-0.8377643657285113,-0.8446361661436814
5681,-0.8458078720772914,-0.8473719622797059
5682,-1.1004598732142483,-1.059804162616147
5683,-1.2519959738088209,-1.2615622878598218
5684,-0.6852750879413677,-0.6853553757556122
5685,-0.9822253912918328,-0.9657159032676033
5686,-0.7569608078446499,-0.7453998742204467
5687,-0.7777789082638052,-0.7866934261580467
5688,-0.9178125479424648,-0.9334649140530663
5689,-0.775537792102311,-0.7854408228658554
5690,-1.0504369430763776,-1.0205918080914476
5691,-1.0583287468252256,-1.0854460560529433
5692,-0.7958339887071949,-0.8371400968222258
5693,-0.6170405999634617,-0.6399289955959971
5694,-0.5899846176557904,-0.6375596235131799
5695,-0.7626518279083015,-0.7325055907942182
5696,-0.6595060289368149,-0.6372718113316815
5697,-0.6518101082291714,-0.6445155933726135
5698,-1.0784691285717396,-1.0430619427785075
5699,-0.9980854581492816,-0.9884608655735447
5700,-2.543219980071573,-2.606652796671541
5701,-1.2425264554430349,-1.3006889838031308
5702,-1.08345492218816,-1.1264011068101694
5703,-1.3411432398690115,-1.533777826424109
5704,-1.3903301789842804,-1.214197125607798
5705,-0.847709811011026,-0.8077272794570356
5706,-1.3022710741782677,-1.2209370572411695
5707,-1.0126523990039678,-1.0117748891051714
5708,-0.6392788702203321,-0.6660796703280977
5709,-0.6534567600415077,-0.6377533858685229
5710,-0.8904662836165655,-0.8698557419204366
5711,-1.0124562740325929,-1.0571680246332087
5712,-1.9523183703422544,-1.9443741571522235
5713,-0.9504839699397716,-0.9135532559139634
5714,-0.8118023313581944,-0.8497471269502561
5715,-1.4170236388842266,-1.471312150171592
5716,-0.9728656768798828,-0.9671445078297493
5717,-1.242621601089951,-1.254133164973707
5718,-1.2051677087257648,-1.259115259720232
5719,-2.404160862619227,-2.41960948719555
5720,-1.3220335841178894,-1.3502158923865188
5721,-0.7005924402281295,-0.6920431450505771
5722,-0.8979846268165402,-0.9562509254247468
5723,-0.9962792636812196,-1.117791922532613
5724,-1.1580399163933688,-1.220593071475068
5725,-0.4780503483705742,-0.48571594775558957
5726,-0.665857520214347,-0.6923422602828289
5727,-2.2479803458504053,-2.263964944693839
5728,-1.7263205619085402,-1.8571510812424348
5729,-1.3115532839739763,-1.2966422457500646
5730,-0.7608347227796912,-0.806136958090764
5731,-1.3797105462462813,-1.3823051537417765
5732,-1.17144376039505,-1.222686509117639
5733,-0.6442059306427836,-0.6292174443864366
5734,-1.0272444588269374,-1.0910982087730767
5735,-0.7427681453468263,-0.7701036238160933
5736,-0.9173366644165732,-0.9836733381699581
5737,-1.1719648773356002,-1.2657736421742831
5738,-0.6991936447113518,-0.7322460762219197
5739,-1.4767303097155666,-1.5018471650792216
5740,-0.6533252798593961,-0.649946080255196
5741,-0.567435159239658,-0.607786930678914
5742,-1.196461751479511,-1.316977253771901
5743,-1.408145654109097,-1.4012887657835642
5744,-1.3223086055368185,-1.331078350523132
5745,-0.8981457175686955,-0.8669517493643734
5746,-1.1129440483839617,-1.12494726455847
5747,-0.687697500221489,-0.7447573974067621
5748,-1.041342352117811,-1.0363218335355715
5749,-0.4219714972510267,-0.42257214131832654
5750,-0.7821457786485553,-0.8447184280186724
5751,-1.5141497702561608,-1.5804889066428116
5752,-0.9109295015187228,-0.9698391260445058
5753,-0.7726056649703388,-0.8057594414068459
5754,-1.047791924327612,-1.072611154160073
5755,-0.6831403213834005,-0.6509101471903125
5756,-1.053673406904058,-1.088622879814132
5757,-0.9732069839802824,-1.0131552055731308
5758,-1.0920107057318091,-1.1146117971624645
5759,-0.7809148957331975,-0.7942915660022629
5760,-1.20699123818745,-1.1753981636176427
5761,-1.0635593244805932,-1.1195078705745898
5762,-1.1443327218294144,-1.201615864274953
5763,-1.0068483585491776,-1.016147576461556
5764,-0.8028051889859713,-0.9200021913672183
5765,-0.4286794316055428,-0.4504690793920632
5766,-0.7221668792325396,-0.7400058207835454
5767,-0.935537104458772,-1.0339362803498067
5768,-0.7626461539157602,-0.7600027552837713
5769,-0.8955099102138548,-0.8663208957083302
5770,-0.5554095648583912,-0.597630434597334
5771,-0.708482489105343,-0.7345845656090718
5772,-0.7691978131021772,-0.8382072466487976
5773,-0.8901820480823517,-0.923210166797733
5774,-1.1830105918698606,-1.168277124607271
5775,-1.8785839018068813,-1.8795593128870978
5776,-1.5149017710434762,-1.4786585542779243
5777,-0.8071376709710985,-0.831126762660087
5778,-2.2961226773984507,-2.300470963574598
5779,-0.6725580800663341,-0.610750750208365
5780,-0.6802215298940969,-0.68709549046419
5781,-0.5980711214302122,-0.613831217239157
5782,-1.6163883144541304,-1.7066623242532586
5783,-0.4443213137713345,-0.4695828415890248
5784,-0.5623761749267578,-0.526510070341104
5785,-1.0231881520544837,-1.0445300226258256
5786,-3.2268936066400435,-3.3243233411544755
5787,-0.9630052512511612,-0.9799403669757906
5788,-0.8810342716616254,-0.9131516130544496
5789,-0.9414763231889918,-0.9887463985311198
5790,-2.2082141378651494,-2.343795901571719
5791,-1.4351043893444924,-1.6096664428610978
5792,-0.6915289521217346,-0.6950663120478164
5793,-0.4976650166699267,-0.5088097863518575
5794,-0.8253889943278113,-0.9112238214900313
5795,-0.7473061010241508,-0.7664063776890215
5796,-1.0173306908718376,-1.0881353776730207
5797,-0.5010353927464448,-0.49551918972758924
5798,-0.7425080053508282,-0.8032216497415936
5799,-0.9461909042772396,-0.9653354690007337
5800,-0.8751338295234267,-0.9321599798301082
5801,-1.0045127765885715,-1.098199662120866
5802,-1.1394337036812952,-1.1715904089215514
5803,-1.3077794655348904,-1.2843020827887381
5804,-1.07930570055348,-1.0976161349959483
5805,-0.9507769771324572,-1.0068899134332905
5806,-0.6749477571295214,-0.7791780294990174
5807,-1.0308410206506418,-1.137936276674906
5808,-1.4265680932259377,-1.4624827699759892
5809,-1.1240188225295191,-1.219855067033807
5810,-1.3671972391217253,-1.3804285935961282
5811,-1.842015908314632,-1.79424120785988
5812,-2.1976790939058577,-2.3938540816306975
5813,-1.3411510879876185,-1.4256697459950618
5814,-0.8162631295448126,-0.850367522054877
5815,-1.129006979055703,-1.161641196347793
5816,-1.0941448313321254,-1.0851594043332473
5817,-1.117953483448472,-1.1436190081505335
5818,-1.0664967945379804,-1.1251836017120809
5819,-1.2423460409622784,-1.1962437891528914
5820,-0.9496221828830336,-1.0358871384800847
5821,-1.0237662126851637,-1.0908970823583934
5822,-0.976238214692404,-1.0259697954784142
5823,-1.3599506912305372,-1.3164870455591597
5824,-1.2148493343545486,-1.21465991110151
5825,-0.3816792323039128,-0.3802513098105391
5826,-0.9931454713954482,-0.9910302818283647
5827,-1.2169049895086954,-1.2082069372945916
5828,-0.988591891850612,-1.0131954173401112
5829,-1.2496710230213728,-1.292510852641247
5830,-1.3032939988513326,-1.3436730083569153
5831,-1.2789946378663528,-1.2994494989553145
5832,-1.4852726126826086,-1.5006043171697778
5833,-0.8898074534512306,-0.9850599651805048
5834,-1.0535343192344488,-1.1193720958645759
5835,-0.992480614388636,-1.0460368961634945
5836,-0.9029149661461512,-1.0492602417866554
5837,-1.0863626807235007,-1.170933036533134
5838,-0.8526232261066289,-0.903639477968821
5839,-0.9984034752660944,-1.0569400288337825
5840,-0.6559088642780597,-0.6745261479646772
5841,-1.0884989010271175,-1.1685663301507558
5842,-1.121483333351076,-1.215685862595432
5843,-1.3913685794948607,-1.4554153150982456
5844,-1.0316097856492037,-1.1795287646680883
5845,-0.99137109471846,-1.042098245571451
5846,-1.0351072005399569,-1.085708757398016
5847,-1.3376502334609512,-1.35912000301275
5848,-1.0288217640662378,-1.092876071769753
5849,-0.9305617910946986,-1.0294928892638404
5850,-1.1067835175713827,-1.1088416477814624
5851,-1.2977951173634492,-1.3599945907445141
5852,-1.1243120441141057,-1.1778183707279237
5853,-1.387668442356494,-1.3500349370700193
5854,-1.0865003369575323,-1.1736282498337642
5855,-0.7948627166969832,-0.8476657097345837
5856,-1.163196283717488,-1.163202085544278
5857,-1.0771091122959937,-1.1062187378412751
5858,-1.2613235739774482,-1.3300101569148843
5859,-1.0351105152174485,-1.1308422002373542
5860,-1.3311285907908004,-1.4167798049074127
5861,-1.0867778293846189,-1.1861420543310892
5862,-0.9698987958967225,-0.9555632621434911
5863,-1.5198934032011402,-1.5915957529107583
5864,-1.1466381861613346,-1.2298695570383487
5865,-0.6734463826630467,-0.6824976806492822
5866,-1.1974232390869497,-1.2877406245362257
5867,-0.8725985113040421,-0.971868576621532
5868,-0.9939040370689806,-1.0352124447046247
5869,-0.8462391962376676,-0.9378002139641223
5870,-1.114467886067176,-1.157961943660915
5871,-1.2356069734854291,-1.2731835657312143
5872,-1.189301990723425,-1.2029542959937813
5873,-0.9727166466010634,-1.0466363223640334
5874,-1.199147768722948,-1.2665212511708397
5875,-0.9061119503679528,-0.9684133835598443
5876,-1.495064704917198,-1.5461840823639323
5877,-0.9991679616676744,-1.100162625620848
5878,-1.0786490412645562,-1.2003666784720302
5879,-1.1475341976699185,-1.1809439308899266
5880,-1.025159332179284,-1.0247337072702658
5881,-0.9041512382122896,-0.9384025985264375
5882,-1.1460784257844436,-1.2347332254552905
5883,-1.3809953493665357,-1.3726438360928856
5884,-0.7254085844417788,-0.7452206675361596
5885,-1.098725576733434,-1.1362771587470388
5886,-0.8825638562209847,-0.9054883564473479
5887,-0.9171945244766944,-0.883808744354142
5888,-1.0089239501213842,-1.047880626772107
5889,-0.8953775500142297,-0.9365172922149154
5890,-1.0781879619110462,-1.0917643776851798
5891,-1.1245130106460215,-1.1759067339490659
5892,-0.8965864791426548,-0.915872156157975
5893,-0.7267279624938965,-0.8199098544527523
5894,-0.6146560137784933,-0.6308084263580227
5895,-0.9206438646760098,-0.8978898112472038
5896,-0.7737319450969844,-0.8211449061253326
5897,-0.8131965639055238,-0.8593490921557801
5898,-1.173130897588508,-1.227943939756075
5899,-1.0235852631487588,-1.0899094534166756
5900,-2.303000232752632,-2.0515003788704695
5901,-1.100872788318368,-1.022856643649645
5902,-1.02675418613493,-0.8819463157530334
5903,-1.1270889732572766,-0.9691309637493315
5904,-1.3949649991660282,-1.2610337199835646
5905,-0.7983149400977201,-0.745479512584289
5906,-1.2373558355837453,-1.0825574446697532
5907,-0.96061984790388,-0.9069685794278385
5908,-0.6083782347597817,-0.5478277631508102
5909,-0.5883409667898107,-0.3970485130945457
5910,-0.795832187788827,-0.6884051152637879
5911,-1.0359275778134664,-0.9473084092139863
5912,-2.1976790939058577,-2.3934765032359446
5913,-0.7490814129511515,-0.642867470896503
5914,-0.6674512028694153,-0.4914126166452655
5915,-1.53122592303488,-1.4058665158572001
5916,-0.9071656892697016,-0.811765553222743
5917,-1.1697572571362636,-1.0675055534032432
5918,-1.000745830864742,-0.9217799331036327
5919,-1.9907541437582537,-1.770738159165198
5920,-1.124468383880762,-0.8888671940717313
5921,-0.5692275383675746,-0.4231045529515626
5922,-0.6946503112955791,-0.6191727906707579
5923,-0.990649374880532,-0.818932962047932
5924,-0.777833241824956,-0.671743533099936
5925,-0.4544684341711591,-0.4541060095917633
5926,-0.6123735710631969,-0.5606579715891294
5927,-1.872071069219838,-1.6531017189440116
5928,-1.9004423164186024,-1.5269771984644507
5929,-1.0697294319117512,-1.061349425786815
5930,-0.5960828382521868,-0.4968845186134069
5931,-1.6031683506789032,-1.2722495544103458
5932,-1.089057270437479,-1.0448371876651856
5933,-0.5816440293565392,-0.516721100546399
5934,-0.96787376828896,-0.8325570273460671
5935,-0.8105881574542023,-0.7408921392080835
5936,-0.9007399502125654,-0.8325796249237809
5937,-0.9846102516780528,-0.9478009061295832
5938,-0.5646422031357532,-0.556282755271024
5939,-1.30488971314689,-1.227593748452418
5940,-0.6539232125649086,-0.6736824616407779
5941,-0.4678979770157688,-0.3681657360505487
5942,-0.932727669560632,-0.9241739508409292
5943,-1.3302513721377351,-1.2305012020337744
5944,-1.1443149521946907,-0.945860401106345
5945,-0.8924732021987438,-0.7726571299135502
5946,-1.197521954342939,-0.8204722876709472
5947,-0.5949556716652804,-0.454376501630412
5948,-1.2051461126123155,-1.2128645295188214
5949,-0.4274875868612261,-0.4089565277099525
5950,-0.7384519204497337,-0.6078650321190278
5951,-1.3350405896356865,-1.3690851603367669
5952,-0.78344941693683,-0.763859107820863
5953,-0.6862938551939735,-0.5949314167333035
5954,-1.0318898521363735,-0.9885863019153357
5955,-0.7329012363676041,-0.6806304751249828
5956,-1.0136285743048026,-0.833224961307897
5957,-0.927026962125024,-0.8379041557164074
5958,-0.9327312940731644,-0.810637027335638
5959,-0.7997307191292445,-0.81132031977177
5960,-1.1491182635920916,-1.0764772288250792
5961,-0.9321277821436524,-0.8194706101591114
5962,-1.0751249715685844,-1.0163711935281574
5963,-0.8750290460884571,-0.7691641260559253
5964,-0.728501834319188,-0.6461543810673044
5965,-0.471725322242476,-0.3729004611996008
5966,-0.6671310099520424,-0.6576864041715257
5967,-0.7791427863660709,-0.6369994743233451
5968,-0.7394717035367507,-0.7082682287354197
5969,-0.7152613540028416,-0.5742754236980107
5970,-0.4382609091107807,-0.3796793216119767
5971,-0.4996754633363827,-0.4178751127972331
5972,-0.707810311901326,-0.5392095385765328
5973,-0.7503523593768477,-0.6810420456652675
5974,-1.067513575596092,-1.0340848362902908
5975,-1.8997846151653088,-1.6092482930734784
5976,-1.321999568688242,-1.206259194591555
5977,-0.8233074441788688,-0.631282897853304
5978,-2.044173334584092,-1.5778563239357217
5979,-0.6187089356509122,-0.5088981917409974
5980,-0.576575983402341,-0.4663242403542749
5981,-0.6392899437468181,-0.6477246697250876
5982,-1.5145658725915954,-1.3246854318820476
5983,-0.4782944505864924,-0.44875775973000687
5984,-0.5638652356465658,-0.5392117272482957
5985,-0.941697872886362,-0.7536181725888516
5986,-2.5605045840853737,-2.279623771470662
5987,-0.8675196813419461,-0.6756699668864091
5988,-0.8757116933201634,-0.7931010988023326
5989,-0.9010369821425972,-0.816495351470548
5990,-1.809552679891172,-1.6352991107580914
5991,-1.255326578694005,-1.1654545626332236
5992,-0.674570444226265,-0.7018777032693226
5993,-0.4163127649487473,-0.33722433142772873
5994,-0.832596828771192,-0.8781813909841025
5995,-0.6760263945907354,-0.5651376141855813
5996,-1.032688016115233,-0.987417647696875
5997,-0.4694425431332847,-0.4127393859301317
5998,-0.7446927931159735,-0.6826428053900376
5999,-0.8296150939409123,-0.7273536076533178
6000,-0.8768980151923128,-0.8525277316887774
6001,-1.1234244293180005,-1.1340721502956164
6002,-1.1353688203087149,-1.1820267538765623
6003,-1.2082548890002938,-1.192477635500755
6004,-1.000556935635648,-1.03397398808098
6005,-0.9609595426293308,-0.9629368360507087
6006,-0.7260662899460903,-0.7048983362451765
6007,-1.0399687401084012,-0.9840091377302291
6008,-1.4341811708701673,-1.4014930252680031
6009,-1.1604072936745575,-1.1438666219546347
6010,-1.203256753063941,-1.1624061625685096
6011,-1.011329860477657,-1.0347290762759909
6012,-2.301713602883475,-2.4118477593205454
6013,-1.2927039373116416,-1.4432786644555664
6014,-0.7550870448119881,-0.8184628806698808
6015,-1.090216413140297,-1.118523042805309
6016,-1.0824506726375849,-1.0941660200667431
6017,-1.1140172398367594,-1.0794623029738766
6018,-1.0247742159422053,-1.015154950910214
6019,-1.169803820839224,-1.1448576285066243
6020,-1.0131846139597338,-1.0006633992755567
6021,-0.9408935068189636,-0.9260726648518874
6022,-0.861904919609543,-0.8309175810031895
6023,-1.1296081441317418,-1.22365285027942
6024,-0.9716315343398456,-0.9064022144225541
6025,-0.3780326884017031,-0.3824109847833936
6026,-0.9841477279515228,-0.9385149802804652
6027,-1.142893722815107,-1.0933234607307465
6028,-0.9966068868489228,-0.9870142884073131
6029,-1.2176417112350464,-1.2282735478718756
6030,-1.339464118314344,-1.3309794982975451
6031,-1.2296432626339815,-1.197121430647801
6032,-1.4212240230205446,-1.4336910324014525
6033,-0.8479499216227568,-0.8076837279920902
6034,-1.0979942111081855,-1.0654351950027035
6035,-1.0060231713361518,-0.9840728522783833
6036,-0.9296973566214244,-0.9495217138598434
6037,-1.1319884089536445,-1.1847409342450737
6038,-0.8545126203418703,-0.9209021104896155
6039,-0.9542963366175808,-0.9730192962072848
6040,-0.6718025555977455,-0.6765350595789935
6041,-1.0436402143434036,-1.0094674081970192
6042,-1.1199821843657385,-1.0867483806097409
6043,-1.3377870903458706,-1.2704765569538508
6044,-1.075333364250124,-1.0304102201563776
6045,-0.974855378616688,-0.9229091683981969
6046,-0.8407796039356021,-0.8076813562763439
6047,-1.3275297020756922,-1.2917838816192158
6048,-0.9248071779576384,-0.9991503610194336
6049,-0.9133119093355282,-0.9145661696686995
6050,-1.053759124851966,-1.0449844452635269
6051,-1.214792289475138,-1.2623490795327679
6052,-1.1477238023003866,-1.1931260755871633
6053,-1.3436214480289193,-1.3106700234343167
6054,-1.1905422099800995,-1.2459393678583257
6055,-0.7396011786867481,-0.7336425385552086
6056,-1.0825463773668274,-1.0627009550586195
6057,-0.9063844671545104,-0.8909518159914491
6058,-1.196161006772241,-1.1640189215943773
6059,-1.0875093715135442,-1.0915228861391868
6060,-1.1740026021188543,-1.2363904931314837
6061,-1.0810104257376618,-1.146522460956746
6062,-0.9679563452107036,-1.014453706416924
6063,-1.5353042432504107,-1.4926723842861398
6064,-1.222548602177547,-1.2900717433366808
6065,-0.6665597350098366,-0.6711392681788869
6066,-1.2164698053700056,-1.2302273423497314
6067,-0.9396787623102352,-0.9797446589282577
6068,-0.9156260998674142,-0.9453628397451378
6069,-0.9830303885215936,-0.9732912932796706
6070,-1.1190822817558466,-1.137222968387006
6071,-1.2553935032482295,-1.1949122460311281
6072,-1.1035527711690858,-1.0975346861926423
6073,-0.953776802203452,-0.9714105971705999
6074,-1.095685089281363,-1.1256656631955466
6075,-0.9240273838549588,-0.9023830914823615
6076,-1.3705051167066706,-1.3530025740713987
6077,-1.01138108737709,-1.0203875599216934
6078,-1.1560505277426667,-1.1530872963215217
6079,-0.9946378247212556,-0.9840288301594572
6080,-1.027874233186707,-1.0260881208922334
6081,-0.920751604922982,-0.919116641299004
6082,-1.174622745476952,-1.186282413496689
6083,-1.3974272761234017,-1.4193912331366265
6084,-0.6963195958227482,-0.6710430034424756
6085,-1.1247572196546451,-1.1359797427513914
6086,-0.8685972394869309,-0.8866202349068623
6087,-0.8668014023655145,-0.9340422179101899
6088,-0.9703295027562814,-1.0270507136481384
6089,-0.8253724316293879,-0.881858960254909
6090,-1.0139628879783689,-1.0578797717269721
6091,-1.1822033224179762,-1.2491714342092746
6092,-0.8197281526964765,-0.9028379637768265
6093,-0.7630101202070251,-0.7805467512113607
6094,-0.6181735781174672,-0.6720385853008813
6095,-0.8178437199703482,-0.7421834616664597
6096,-0.723201592763265,-0.7092670427331117
6097,-0.7646596653516903,-0.8009656406464007
6098,-1.2092441486757854,-1.1408955580595
6099,-1.115141239277152,-1.120521429237303
6100,-2.037282537011539,-1.9735018008660696
6101,-1.0449657061303308,-1.1354740154658844
6102,-0.9052350336267042,-0.9639184771460353
6103,-0.9675850126478408,-1.2190092680197415
6104,-1.186428218052305,-1.210717007394008
6105,-0.7890260792517847,-0.7614673322381107
6106,-1.1414656760741253,-1.0359019047378384
6107,-0.955207114995912,-0.9627497683221046
6108,-0.5367867207342341,-0.5437844360756212
6109,-0.3759082202558164,-0.39468340921424405
6110,-0.7109034924280075,-0.6912427795558491
6111,-0.9109182039896648,-0.8842355515893124
6112,-2.301713602883475,-2.4119920701562734
6113,-0.7962699657262757,-0.819228474653995
6114,-0.439867939800024,-0.46388364047161945
6115,-1.4024408757686615,-1.3993782736851994
6116,-0.7983684291442236,-0.8078753469626755
6117,-1.116798116255176,-1.141187019747022
6118,-0.9822014953898288,-1.101477632630248
6119,-1.8908296823501587,-2.015091809378402
6120,-1.0549840399852166,-1.1622211746988094
6121,-0.5087448552597401,-0.6113905278364903
6122,-0.7765686046786424,-0.8537658324742182
6123,-0.8223288937132488,-1.0006784303556828
6124,-0.7639346714167632,-0.8618596300274252
6125,-0.4545924672784731,-0.4578770559656916
6126,-0.636926625126092,-0.6555538184477591
6127,-1.8557494204977285,-2.0156015788353465
6128,-1.5375155664625622,-1.589013490124317
6129,-1.0043831644234833,-1.0353984070984323
6130,-0.5293257143348455,-0.6082843228972452
6131,-1.280697261845624,-1.2234816834354925
6132,-1.0618803277611732,-1.119645817621788
6133,-0.5597342057153583,-0.5666535772389822
6134,-0.8883812732474748,-1.0159267697927055
6135,-0.7349238192388253,-0.7500885736917497
6136,-0.8412763246081092,-0.851669380623691
6137,-1.0230439716531323,-1.1504623738345119
6138,-0.539952607605401,-0.5999441865148188
6139,-1.2601917094962545,-1.308642982938615
6140,-0.6677232338831975,-0.6730748349563558
6141,-0.4480322978293249,-0.48499325411095995
6142,-0.9156327524850536,-1.0477642726141023
6143,-1.336994347646255,-1.298764653188667
6144,-0.96366707701236,-0.993296819956408
6145,-0.8196971882134676,-0.8214419157625302
6146,-0.7972647798234138,-0.8107368844905903
6147,-0.5347590289374654,-0.6372983052110828
6148,-1.1613489644868034,-1.150591667055614
6149,-0.3646787102542706,-0.37501403044662934
6150,-0.5771221108734608,-0.6209425934542011
6151,-1.486457766488541,-1.5877967786859464
6152,-0.766144683194715,-0.816543813637429
6153,-0.6012518553770789,-0.6730405344273829
6154,-0.9592890609055758,-0.9939606095713741
6155,-0.6572067434825595,-0.616860058632419
6156,-0.7643696060476377,-0.7808307420202902
6157,-0.8363825951435769,-0.9148645072242803
6158,-0.7818589797243476,-0.8315147931246747
6159,-0.8012064516544342,-0.8131826630418718
6160,-1.1128827324209287,-1.1741769301711376
6161,-0.8868633052334189,-1.0058715387956243
6162,-1.0236058592796329,-1.0619395916232421
6163,-0.8079641414806247,-0.8516446571160785
6164,-0.6430982397152827,-0.7575132707338937
6165,-0.3869113483999529,-0.37866002955595507
6166,-0.6629435175149015,-0.6864962217543364
6167,-0.820513411085735,-0.9445206698518511
6168,-0.7206964751546697,-0.7173957694822867
6169,-0.62618541625119,-0.634804578912355
6170,-0.3419533466535901,-0.3597018352828097
6171,-0.4949280605759731,-0.5103904251729614
6172,-0.6242431219743223,-0.6583735921739087
6173,-0.6680264789611101,-0.7044893550137047
6174,-1.0273237006854168,-1.0552396078898005
6175,-1.6782712246242322,-1.5353218370757247
6176,-1.2072611608003314,-1.1591563916632448
6177,-0.8137836513065156,-0.8878879852270367
6178,-1.7734456026192866,-1.6692879640063
6179,-0.557408577745611,-0.5241458609253112
6180,-0.5175957125286723,-0.5689634058261985
6181,-0.6381617137628008,-0.6498728476187928
6182,-1.4771106834559478,-1.5981685600443032
6183,-0.3985590327869762,-0.4340457448747372
6184,-0.5567393350601196,-0.5213961796130433
6185,-0.8285746472750524,-0.9200303399952221
6186,-2.507480269386655,-2.744666841431757
6187,-0.7293211268261075,-0.741764275998306
6188,-0.7965502600337184,-0.8437283717212121
6189,-0.781353335861766,-0.8747804652751591
6190,-1.5829113566357156,-1.7362892626623445
6191,-1.1979879179308492,-1.2153486229642632
6192,-0.7599750548601151,-0.7339952108345339
6193,-0.3343415795348761,-0.33693467090821577
6194,-0.8003843496012133,-0.864766226782502
6195,-0.5530268913134933,-0.5950992875954574
6196,-0.9487037455388742,-0.9748796731820925
6197,-0.4668085759924363,-0.4927281790844065
6198,-0.6307808682322502,-0.6809355651192629
6199,-0.7874200177747149,-0.853981149953926
6200,-0.855793743170509,-0.8153743864412404
6201,-1.083698098001809,-1.0966954756890843
6202,-1.1401098680126576,-1.160806544266125
6203,-1.2672363769176394,-1.2021553293673117
6204,-1.0590214045472848,-1.039161381730415
6205,-0.9909035586571509,-0.9852047418945103
6206,-0.7188968048539273,-0.7054307498791061
6207,-1.1138229721276336,-1.1670649342294335
6208,-1.4640903167946393,-1.43348869841048
6209,-1.1428634907848152,-1.111790402418905
6210,-1.284644474354825,-1.2887692820119534
6211,-1.6706234583487878,-1.7000731277166428
6212,-1.982851266860962,-2.0925377525807605
6213,-1.3712973702149314,-1.4368783836336596
6214,-0.8492303938828698,-0.8591841884082276
6215,-1.1204148540273309,-1.1120237013486411
6216,-1.0640759403391402,-1.0753925866803067
6217,-1.13940920848255,-1.1808806168771302
6218,-1.0276598532994587,-1.0310930521189814
6219,-1.160793383916219,-1.153217524059814
6220,-1.0260509936384452,-1.0370888276180346
6221,-1.0235767900481705,-1.0254698722345628
6222,-0.995378425879072,-1.0236302229460417
6223,-1.3391937322394794,-1.2954901462687836
6224,-1.2256129009779109,-1.2432161233592678
6225,-0.3712999189001882,-0.37022478955271576
6226,-1.109333912531535,-1.1200322625042942
6227,-1.173707171928051,-1.1838022278923892
6228,-0.9922734526700752,-1.0161258075086141
6229,-1.2742325594258863,-1.2725644019717433
6230,-1.3161057243051455,-1.3632947752350777
6231,-1.3115696297135464,-1.2962334730145193
6232,-1.4811571725579196,-1.5178164298942471
6233,-0.9460503232571504,-0.9688158607157311
6234,-1.102457508560299,-1.1040006223225125
6235,-1.042901875436768,-1.108436170047674
6236,-0.9354751368363698,-0.9628101538675157
6237,-1.1150732576385023,-1.1836545768816098
6238,-0.837415289509204,-0.8714202288423073
6239,-1.000331622685573,-1.05190039854348
6240,-0.6552633652320274,-0.649389777052937
6241,-1.1055010945297952,-1.1091021248456916
6242,-1.2713669741800588,-1.3343088437674198
6243,-1.4900067176005638,-1.510148544650458
6244,-1.121014388032662,-1.1206804807854172
6245,-0.9735007757364318,-0.9643407581875902
6246,-1.0518185266359583,-1.0846162797071315
6247,-1.4008384554885154,-1.3969264866886284
6248,-1.0325902284577837,-1.059691984748543
6249,-0.934532415035159,-0.9549692941838878
6250,-1.144854832065198,-1.1832605380001806
6251,-1.3127658367156982,-1.3055301394248875
6252,-1.1112771644148716,-1.1265922314718404
6253,-1.4222753648610078,-1.4259569782701553
6254,-1.1575787400090418,-1.1357112784585572
6255,-0.7857256259105002,-0.7565913516472311
6256,-1.1746191904526349,-1.1960718845027596
6257,-1.1576097039289253,-1.1692219626309974
6258,-1.3054403796676517,-1.2982248560245
6259,-1.0879611340604087,-1.0911041668295935
6260,-1.3316992733829704,-1.3764077617106372
6261,-1.1559870390928992,-1.1834060780792446
6262,-0.9493311172307924,-0.9582867266801439
6263,-1.6222303597502006,-1.5960807767395464
6264,-1.2157414298791152,-1.2228578585598522
6265,-0.6654567644577618,-0.626952215778745
6266,-1.2205483636190726,-1.2359031580467854
6267,-0.938663545505021,-0.9359686427839595
6268,-1.0091071276701695,-1.0679208620516378
6269,-0.9767228632934334,-0.9943103859473452
6270,-1.0934830478919568,-1.0601775722361337
6271,-1.3131124769994456,-1.3403560357897024
6272,-1.1646161929581516,-1.1170022397595119
6273,-0.9776051506515622,-1.036147600381315
6274,-1.2214529209358749,-1.2577388373954757
6275,-0.9458735252903626,-0.9405390137865118
6276,-1.496867512547693,-1.5019294155282885
6277,-1.0468158426210863,-1.0494383476406763
6278,-1.1534604822942454,-1.1862936805370345
6279,-1.150179577075829,-1.1263454443443537
6280,-1.0355043910270514,-1.0569454142586308
6281,-0.9384285433347836,-0.9541875826519493
6282,-1.143005097559256,-1.1264869460605489
6283,-1.3492767478144445,-1.346354209440684
6284,-0.7048120397441792,-0.6860672861609587
6285,-1.1405704825423484,-1.1763383533489324
6286,-0.9712081740992938,-0.9665620218181387
6287,-0.8855615438416947,-0.9128796146515042
6288,-0.9853126032407894,-1.0189809789744901
6289,-0.9045478050098864,-0.910613915307951
6290,-1.0795314755550651,-1.100792056972379
6291,-1.1953852564789529,-1.2458790979356875
6292,-0.8531036090481189,-0.9042074473093276
6293,-0.8046411719433096,-0.821370033665971
6294,-0.5794029507455947,-0.5911512645697284
6295,-0.9542374010233916,-0.9800915041525617
6296,-0.950043698613958,-0.9900256012484424
6297,-0.8730024201001307,-0.8793072566433099
6298,-1.20122916753902,-1.1732460369063544
6299,-1.0789349319398864,-1.1006384087704826
6300,-2.0986525731928207,-2.045662323856749
6301,-1.0042551755905151,-1.0518471067579216
6302,-0.8994173911190773,-0.935853975961013
6303,-1.008891028828091,-1.215305196274628
6304,-1.2574318400744735,-1.141129019629016
6305,-0.7517604125562565,-0.7343585024625539
6306,-1.1398940864874392,-1.097095145091194
6307,-0.9303574728411298,-0.9464328196638707
6308,-0.5534206564112227,-0.6234087183790392
6309,-0.5473131412341271,-0.5327059971650988
6310,-0.8009554862976074,-0.7922100590084135
6311,-0.8628459016482035,-0.857153457383835
6312,-1.9820624589920044,-2.093261936282396
6313,-0.6898439263188562,-0.6979035495869002
6314,-0.6263970611616969,-0.6351378667701061
6315,-1.437302976846695,-1.443599940354534
6316,-0.8276978959639867,-0.8287421125574075
6317,-1.1491953744444736,-1.1635847461085471
6318,-0.9859260635814447,-1.0240803219327204
6319,-1.643895382230932,-1.7542973550320595
6320,-1.1046877044897814,-1.1616026270247524
6321,-0.5769743115402931,-0.6085200088185624
6322,-0.6450329815469137,-0.6790296715567214
6323,-0.8484517261963482,-0.9345107156631661
6324,-0.6633857738140018,-0.7380016315893534
6325,-0.4444977996885314,-0.4444769754553637
6326,-0.5779029990351477,-0.5937601217163887
6327,-1.586399425630984,-1.659788417736959
6328,-1.705671985944112,-1.7578508742613281
6329,-1.0400520585201405,-1.1399035176104666
6330,-0.5810362482443452,-0.6147867555653048
6331,-1.4131428842191345,-1.4687369491703044
6332,-1.0419372143223882,-1.0759262024090634
6333,-0.5180034097284079,-0.5608313692836635
6334,-0.8793432037959727,-0.9328973320778118
6335,-0.7575649984123171,-0.7819833721848587
6336,-0.8009203387932344,-0.8145291077028718
6337,-0.9856605058492616,-1.0349229838095193
6338,-0.5571660920390933,-0.5856621127302312
6339,-1.3243942038957464,-1.3533875731607776
6340,-0.6549379926461439,-0.6482747695103402
6341,-0.4401076634724934,-0.4959515676387648
6342,-0.8492462745932645,-0.9565063512417084
6343,-1.3131263939909232,-1.2800897411522834
6344,-0.9945895876735448,-1.0295293911651164
6345,-0.8320800364017487,-0.810392038370749
6346,-0.9059749496155892,-0.9257412409242316
6347,-0.5166632177293763,-0.5675275400328745
6348,-1.2152337517057146,-1.1969596168563237
6349,-0.3929305290108296,-0.38724495167290296
6350,-0.6162514304742217,-0.6655677415502125
6351,-1.349519737931185,-1.4014291879520344
6352,-0.7780319212018981,-0.8254987359886461
6353,-0.5945707901503688,-0.625617292453406
6354,-0.9545355103909968,-1.0074786409235719
6355,-0.6591915497704158,-0.6218721665566647
6356,-0.9193805326787076,-0.9715612549767813
6357,-0.8918027157007262,-0.9334554743084666
6358,-0.8687339099124074,-0.904991935212608
6359,-0.7866449375947316,-0.7996103176983975
6360,-1.069004868352136,-1.081342686381899
6361,-0.8927309671416879,-0.944701650046373
6362,-0.9785897687077524,-0.989457655822637
6363,-0.8451096350327134,-0.8621272901935974
6364,-0.7362276095610398,-0.8142766611332884
6365,-0.3957340645993876,-0.3789642508088732
6366,-0.6773457610329916,-0.6921425902373656
6367,-0.820884338645048,-0.9236647339072368
6368,-0.689947436022204,-0.7106910194088917
6369,-0.642589295557303,-0.6581885925485891
6370,-0.3836490105068872,-0.4417802565564657
6371,-0.4736511171326156,-0.5253484280694918
6372,-0.7365463753135837,-0.7698688245549671
6373,-0.7269699908792973,-0.7681997659244847
6374,-1.038386473613503,-1.1107239645014173
6375,-1.6996262387225505,-1.643693894132597
6376,-1.2121011746557135,-1.1954819944843444
6377,-0.7661603783804273,-0.7952613448359155
6378,-1.595504767966993,-1.6430234815499594
6379,-0.5869484706358477,-0.5570332418495194
6380,-0.5981316178344017,-0.6597154217866379
6381,-0.6170456889987916,-0.6369942893358377
6382,-1.415841436201288,-1.4780679387983116
6383,-0.3683267940174449,-0.4181261479772963
6384,-0.5162888685862224,-0.4845954003934916
6385,-0.9508350939713708,-1.0446649372897776
6386,-2.2846553268886747,-2.469322599524048
6387,-0.8345352560281754,-0.8688740436350532
6388,-0.8172400700029476,-0.8342374708003364
6389,-0.8666731108219252,-0.8914295688069735
6390,-1.5789960052656091,-1.6298050454704323
6391,-1.1415087888317723,-1.1954765129403282
6392,-0.6286824136972428,-0.6482870091286476
6393,-0.3640931037467296,-0.37994948337942125
6394,-0.8382731204809144,-0.896897742623731
6395,-0.5651687206700444,-0.577980832112806
6396,-0.9831594274949658,-1.0333552660888465
6397,-0.4328290057736774,-0.42599814978653144
6398,-0.6775035178288817,-0.7362835417678638
6399,-0.8005437887916269,-0.8326206364074602
6400,-0.9138489139172458,-0.9468703633438966
6401,-1.0364992022514343,-1.1168529048733298
6402,-1.190428549929183,-1.1990223143451821
6403,-1.2440039113510486,-1.2727101693165837
6404,-1.0217229968817658,-1.071177621528479
6405,-1.0041693837143657,-1.0240916851571085
6406,-0.7359272343243739,-0.7923781517556246
6407,-1.0348791780397877,-1.1572347823963738
6408,-1.4964215542918953,-1.5055015783285217
6409,-1.1983131124067676,-1.2503552649372356
6410,-1.3145922302275663,-1.3604842538365447
6411,-1.763128936945737,-1.7714641552704986
6412,-2.0613923243113925,-2.3685766486894506
6413,-1.3806691746242712,-1.451212997644983
6414,-0.870135503221852,-0.8758533469158283
6415,-1.120006449520588,-1.162051766179522
6416,-1.0930572785148325,-1.0950632024488978
6417,-1.1391095976496852,-1.160072840769478
6418,-1.122599678446156,-1.154299056807229
6419,-1.1770696658496709,-1.1751810989946754
6420,-1.038629707439925,-1.0881882502435214
6421,-1.0757985669513082,-1.113092358106193
6422,-1.0063710573107698,-1.0413752473910056
6423,-1.3125921802003255,-1.3130974464638334
6424,-1.254950434662575,-1.244800259900661
6425,-0.3775369397595397,-0.3735580165841308
6426,-1.120945589486943,-1.0367188342781897
6427,-1.1449245075846828,-1.1832912781441878
6428,-0.9945537868396256,-1.0222452952880312
6429,-1.2736564255500025,-1.3069467498350722
6430,-1.2945739659228066,-1.352924172268362
6431,-1.3193695073903993,-1.319908176589712
6432,-1.4774980683659398,-1.5168720576190124
6433,-0.9454980968504914,-1.0008908889090482
6434,-1.0963157230569411,-1.147824124464387
6435,-1.032336990962657,-1.0637429903335982
6436,-0.9553161611159644,-1.0660280442900238
6437,-1.043670745783074,-1.1590994624204503
6438,-0.9033236374226652,-0.9279562145548391
6439,-1.0435409508934317,-1.0722293444073983
6440,-0.6495332598686219,-0.6723219712575326
6441,-1.1465159765509672,-1.2028280573605998
6442,-1.2287782791048982,-1.2643178396446795
6443,-1.4935017759485762,-1.5014476594382762
6444,-1.0921302885972253,-1.203183767715501
6445,-0.9737816854964856,-1.0380601969184287
6446,-1.0544659406181396,-1.105918791350417
6447,-1.3672824432683546,-1.3830906645580348
6448,-1.0435016940730486,-1.0984119583469927
6449,-0.9290558783582938,-1.034160714124838
6450,-1.183011343312818,-1.1472639670975746
6451,-1.323521618695222,-1.3747782639446975
6452,-1.161205905352452,-1.1967660863270169
6453,-1.41256886304811,-1.3586102496129935
6454,-1.13253162812817,-1.1980379151435536
6455,-0.8049720507259517,-0.8516745351697772
6456,-1.196464317713597,-1.183252164867796
6457,-1.1499233375224032,-1.140230749620635
6458,-1.2647352107735568,-1.341017109171076
6459,-1.0551381342170774,-1.1376327421006087
6460,-1.3200201498445614,-1.430376363047022
6461,-1.2381397615107457,-1.2512960092041652
6462,-0.9184287037960318,-0.9401610757029372
6463,-1.6079337486000949,-1.6275837560032733
6464,-1.1648611252124492,-1.2384129319435653
6465,-0.7094403967376828,-0.6973725649737575
6466,-1.2141255186509716,-1.292867309363314
6467,-0.9271378951479298,-0.9967952285934245
6468,-1.0673574994700823,-1.077048041099704
6469,-0.9300409675568572,-0.9665285647685624
6470,-1.1382785102193669,-1.1611397522056544
6471,-1.290144401003224,-1.304037527520535
6472,-1.2199961344401042,-1.2165115252329721
6473,-1.0357645611430324,-1.0680738157696272
6474,-1.2029779253079909,-1.273010975014651
6475,-0.9226384152353336,-0.978387764773184
6476,-1.516618395960608,-1.5612696039584257
6477,-1.0487838724786922,-1.1174396464374976
6478,-1.2181166890979738,-1.2489867077933348
6479,-1.2026656522589214,-1.2064626718644953
6480,-1.101804074390914,-1.0553475883271868
6481,-0.933911121168802,-0.9464403628070843
6482,-1.1770937673805295,-1.2544370412210593
6483,-1.4274880156036496,-1.39496034922833
6484,-0.700002281170971,-0.7348875017286189
6485,-1.2099356281664944,-1.1760274027052944
6486,-0.9370625444160876,-0.9274618773497328
6487,-0.9579296897548114,-0.9078580991242129
6488,-1.0598436048788618,-1.0752675034278936
6489,-0.9320472183153612,-0.9461072036462175
6490,-1.1414625921914745,-1.105240172193959
6491,-1.1749843137208806,-1.1992803433144772
6492,-0.9238336964171062,-0.930023228475286
6493,-0.8518008696016415,-0.8683006671047921
6494,-0.6036396569843534,-0.6279751535206382
6495,-1.0001069880271145,-0.9459869504282807
6496,-0.9542148307312368,-0.8994745675291305
6497,-0.9205926009850908,-0.9031180907281424
6498,-1.213729745657869,-1.24699352508369
6499,-1.0577029202335564,-1.103580343322852
6500,-2.397332857636844,-2.0856089919220784
6501,-1.0955813411594362,-1.0247291776252898
6502,-0.9593929468199264,-0.851287240205793
6503,-1.179409231079949,-1.0205364183142922
6504,-1.3368484110667789,-1.2253380835741237
6505,-0.7905910329301228,-0.7323096343713127
6506,-1.303566370691572,-1.0965126614992173
6507,-1.0284389617831209,-0.948093272918871
6508,-0.6006778959156007,-0.5574583517488365
6509,-0.7000937182226299,-0.42389480420096104
6510,-0.8509077038083758,-0.708026585881651
6511,-0.9335609396298726,-0.9250970350371206
6512,-2.060184351035527,-2.36797908658073
6513,-0.7468244669049285,-0.6361450184839171
6514,-0.7393302749842405,-0.5054220135012908
6515,-1.529642512400945,-1.4084926578733628
6516,-0.916293958822886,-0.8157363424698307
6517,-1.212627136430075,-1.0930803857108184
6518,-1.0696894423715,-0.9662078806266547
6519,-1.914114242250269,-1.7404807787952703
6520,-1.0796332703186915,-0.855467214034102
6521,-0.684946476951126,-0.4648069830211494
6522,-0.7473095728129875,-0.634763322709992
6523,-0.9939145977182906,-0.8355015519361124
6524,-0.715629217236541,-0.6290424332138074
6525,-0.4535106115562971,-0.4482776311632888
6526,-0.6081549215686414,-0.5516350210791024
6527,-1.837612447531327,-1.6291550777960189
6528,-1.7848199095044817,-1.4960735771390437
6529,-1.026538511117299,-1.058295060823002
6530,-0.5887874588370323,-0.49151697537550393
6531,-1.354946701614945,-1.1951369341508624
6532,-1.0832389574497938,-1.0455787672350616
6533,-0.5676635401323438,-0.4996983989452171
6534,-0.951788908751436,-0.8172751153778113
6535,-0.8794242790503095,-0.7769615514641597
6536,-0.90805107626048,-0.8458106689380714
6537,-1.0700367550517238,-0.9636926814259099
6538,-0.5856469456605086,-0.5577006070945449
6539,-1.3462004365847091,-1.237867444368583
6540,-0.6454885326899015,-0.6702285060515825
6541,-0.5037334769271141,-0.3785769388040904
6542,-0.9356187166169632,-0.9080280921871785
6543,-1.3229897974073426,-1.2175640397601648
6544,-1.183718084357679,-0.9556341081236442
6545,-0.8948977068066597,-0.7634467193856682
6546,-1.1221434137095576,-0.7991133363925993
6547,-0.6819039370662482,-0.4862048672150781
6548,-1.1745815873146055,-1.1842468579609957
6549,-0.4001601827678396,-0.39677607479379695
6550,-0.6948706489056349,-0.5881719129780715
6551,-1.400041656900746,-1.4004711137569568
6552,-0.8302488059036491,-0.7773105395856632
6553,-0.678109745646632,-0.5997288741498463
6554,-1.0266556842252612,-0.9922912468512721
6555,-0.6691694940839495,-0.6631294646591143
6556,-1.0642582399900569,-0.8597856331856877
6557,-0.9202401499415552,-0.8304562753485099
6558,-0.9195342427119612,-0.808329268358623
6559,-0.790957165757815,-0.8099179188410479
6560,-1.0921555739040525,-1.0568729327938535
6561,-0.9530208492651582,-0.8251471047599817
6562,-1.0204963743686677,-0.9846985593438073
6563,-0.9136109501123428,-0.7873015201960833
6564,-0.7963880786528954,-0.697589696064936
6565,-0.4539009454922798,-0.3719698903906905
6566,-0.7100810533346131,-0.679236008523341
6567,-0.9199293777924176,-0.6793307589621624
6568,-0.7076337522314501,-0.7054344982447879
6569,-0.7166043418322423,-0.5658667842238889
6570,-0.4880741995478433,-0.40156701916737025
6571,-0.5267210977022038,-0.4272150725357125
6572,-0.839942141455047,-0.6076599310855035
6573,-0.7316451612859964,-0.6739418534561851
6574,-1.0552874930137026,-1.028575232246979
6575,-1.991915985157616,-1.6508984272939227
6576,-1.3550597353985434,-1.2156111403515093
6577,-0.8647321386942788,-0.6515892636838552
6578,-1.874990835334316,-1.5299862261974138
6579,-0.6128213448957963,-0.5026627735657934
6580,-0.6237502652545308,-0.4888530171810521
6581,-0.6459401236024014,-0.6518793974735924
6582,-1.5841121673583984,-1.3361595742769845
6583,-0.4168550968170166,-0.4205824830315279
6584,-0.5195897626876831,-0.5226559925079379
6585,-1.0066102872523226,-0.7896159668608953
6586,-2.6294888712110973,-2.370393770081598
6587,-0.8899906994774938,-0.6893743018929794
6588,-0.8717285542525062,-0.7966400086109413
6589,-0.919894301563228,-0.8133272180498673
6590,-1.66140107486559,-1.571429420208566
6591,-1.183218006164797,-1.1282128031535492
6592,-0.6901047229766846,-0.7051350464423487
6593,-0.3575622631808904,-0.32826836810022875
6594,-0.8114662253579428,-0.8618403968884905
6595,-0.6202724622562528,-0.5352137396111881
6596,-1.036641889764357,-0.9957479161501303
6597,-0.4659491158271021,-0.412487243805118
6598,-0.7514194427058101,-0.6956860690066946
6599,-0.8439394937929257,-0.728526639691905
6600,-0.9054184477458628,-0.9455680930337194
6601,-1.0686979900146354,-1.127182541564957
6602,-1.217090554015581,-1.2042466922631776
6603,-1.279362213704013,-1.288649767252218
6604,-1.041208451108415,-1.0881948326293251
6605,-1.0205268647319587,-1.0303308615696838
6606,-0.7712258313053338,-0.8049755364425464
6607,-1.0903727573941844,-1.1587514313616616
6608,-1.5255054115324982,-1.505831244071933
6609,-1.2647070792294288,-1.268518459273246
6610,-1.3846918861995372,-1.37533363969443
6611,-1.745488402607677,-1.764401878192746
6612,-2.2413609283311025,-2.423008734271621
6613,-1.474112012347237,-1.46780649951247
6614,-0.8978741834330004,-0.8807832501655426
6615,-1.1163841895759106,-1.1653499060000172
6616,-1.1112289271613425,-1.102584530524807
6617,-1.1736039625581844,-1.1646450573159812
6618,-1.196161341297534,-1.1664665235105367
6619,-1.1865189685377964,-1.1746240111900637
6620,-1.1197480989056965,-1.1175615923041233
6621,-1.0984382333681566,-1.1258333450140097
6622,-1.058367747669072,-1.0587819143167112
6623,-1.3532083247059077,-1.3142230276605613
6624,-1.2958704186964405,-1.2509483259161733
6625,-0.3812606242986825,-0.3797940212776844
6626,-1.0869761150936748,-1.0280806263595867
6627,-1.1872841461684354,-1.1897633956692322
6628,-1.041366652000782,-1.0376525125454248
6629,-1.3474939165189284,-1.3399707617993908
6630,-1.3254843580630398,-1.360148061461537
6631,-1.345504643381104,-1.3334409414335917
6632,-1.5109020610188328,-1.5223600581018704
6633,-0.9985715511233308,-1.010598955844424
6634,-1.1296005895895551,-1.1575530317710647
6635,-1.040191453556682,-1.0667792028850986
6636,-1.0150258511304855,-1.0847498807642246
6637,-1.0677055490109348,-1.1674360905506875
6638,-0.8882761611494907,-0.9277665097583907
6639,-1.0213476437930913,-1.0582193019162096
6640,-0.6691182604202858,-0.6783105844106458
6641,-1.205325211665427,-1.2212077619493533
6642,-1.1811477980872458,-1.253912808051104
6643,-1.488265013509943,-1.4982863929536594
6644,-1.1108518339866815,-1.2083104691764437
6645,-1.0223448368930077,-1.0544821590724274
6646,-1.1178674322413646,-1.123880657936951
6647,-1.3598381142283595,-1.3806883928387856
6648,-1.0521388737730275,-1.1074729242990127
6649,-1.0026236495306329,-1.0535017637011301
6650,-1.1810026917346688,-1.1498797552838171
6651,-1.355111981547156,-1.3922236036576776
6652,-1.165651424910671,-1.2012728015273755
6653,-1.3797348386557526,-1.3498118832437933
6654,-1.1146823565165205,-1.1838295179436171
6655,-0.837013510770576,-0.8610126383852899
6656,-1.208182309949121,-1.182088423144901
6657,-1.1703855436901711,-1.1388098016881778
6658,-1.3539429921512456,-1.36393681299472
6659,-1.0846242248549942,-1.1436314619788897
6660,-1.358595844387084,-1.4316139606234293
6661,-1.283849875132243,-1.2616996515628678
6662,-0.9333517690037572,-0.9381360009659212
6663,-1.64288310487141,-1.6358801089515995
6664,-1.18360970387092,-1.227925040477379
6665,-0.7701468975969064,-0.715022966535203
6666,-1.2592970890592234,-1.30994178035154
6667,-0.9454167563785878,-0.9990531070595938
6668,-1.094780252885449,-1.0786212066655099
6669,-0.9823301069496214,-0.9867365908561172
6670,-1.1772459680719891,-1.1689856295745886
6671,-1.290436212406602,-1.3020043496321732
6672,-1.2499510567317638,-1.2222908941658273
6673,-1.0503359866696735,-1.0791001914391571
6674,-1.218451095181842,-1.277595325957907
6675,-0.9495750444125284,-0.9792079310149899
6676,-1.5583378058071284,-1.5737816144637629
6677,-1.124486852985944,-1.1383002497429031
6678,-1.1838901431061502,-1.2390519559229338
6679,-1.2324366013882524,-1.2115371526971268
6680,-1.100547148275745,-1.0553168138484221
6681,-0.9634795022565265,-0.9566418305231894
6682,-1.2261598701624907,-1.2630687197357588
6683,-1.401499862818755,-1.3877586086282983
6684,-0.7280993337901134,-0.7455679286950846
6685,-1.1962902499723804,-1.1742607287350109
6686,-0.9704892542935156,-0.9369831476408634
6687,-0.9456957125848576,-0.8991245739835668
6688,-1.0642169575358549,-1.0772030239573318
6689,-0.9456583039705144,-0.9461489885044281
6690,-1.096765257591425,-1.0936490167943151
6691,-1.1610138989234156,-1.1950751629294705
6692,-0.9094597424647604,-0.9207618316630669
6693,-0.8856502004372057,-0.8733850338662272
6694,-0.6311906123463111,-0.626831441991941
6695,-1.0032199861467346,-0.9352218519501494
6696,-0.9304669550222944,-0.8860262629289491
6697,-0.9144269939540892,-0.8960451827184752
6698,-1.2562349452528845,-1.2550609007054339
6699,-1.0781429738037347,-1.1062519987732236
6700,-2.328895049936631,-2.0901324258130742
6701,-0.986120628756146,-0.9756001936372957
6702,-0.892014606054439,-0.8402769845893401
6703,-1.0989391167958578,-0.9649030076132652
6704,-1.438260690919284,-1.2845014169297997
6705,-0.7833412978076195,-0.7370176225977558
6706,-1.260608276542352,-1.0932515494677357
6707,-0.974687845207924,-0.9215766712060589
6708,-0.5672634581262751,-0.5487485036677286
6709,-0.5713291447839619,-0.41462834136471816
6710,-0.8691783144360496,-0.7151233862316562
6711,-0.9953779101371764,-0.9416757159762597
6712,-2.243975145476205,-2.4234095783460523
6713,-0.679545146550319,-0.6157120974488867
6714,-0.6802161084488034,-0.4967508862415623
6715,-1.5507547557353971,-1.4281676091529614
6716,-0.8859301487604777,-0.8079040563768632
6717,-1.1412272785985194,-1.0699141623129675
6718,-1.0605653318865549,-0.9666994947126157
6719,-1.6713480028239165,-1.6614056103157235
6720,-0.8071487866915189,-0.8209598966133494
6721,-0.5056797543237376,-0.4263593842508627
6722,-0.6765129726107527,-0.6041491332092708
6723,-0.9163375436797624,-0.8088640984946491
6724,-0.6393351517906485,-0.623621338713684
6725,-0.4541635236074758,-0.4526028269637138
6726,-0.5528450973274172,-0.5316674592267008
6727,-1.674254676570063,-1.5821950729342302
6728,-1.6624265625363304,-1.4849801574433896
6729,-1.0313787349948176,-1.0595056031957168
6730,-0.5270515726879239,-0.47008610051125066
6731,-1.3063185612360635,-1.2248733249711088
6732,-1.002375092357397,-1.0216063990568012
6733,-0.5239651827141643,-0.4943515720466639
6734,-0.8435836152512898,-0.7887007583327235
6735,-0.8183074339415676,-0.7547822337433743
6736,-0.9262783500281248,-0.84868617626752
6737,-1.0122271415799162,-0.9621862558123297
6738,-0.5448867542537179,-0.5524191521596982
6739,-1.2941767504048902,-1.23138181861363
6740,-0.6656532892814049,-0.676385031602325
6741,-0.402727723121643,-0.3587013587778991
6742,-0.8175921671150267,-0.8919483746668964
6743,-1.2675886782564858,-1.2073747973109423
6744,-0.9420626172795892,-0.908200006932
6745,-0.847206948325038,-0.7538338368758438
6746,-0.940840370413186,-0.7668152609884658
6747,-0.5436082218968591,-0.4521922643178198
6748,-1.2719967918736594,-1.232135717357869
6749,-0.3564943680122717,-0.3853678649930805
6750,-0.6509770769625902,-0.5812483032544262
6751,-1.3628022384273917,-1.3893550464965339
6752,-0.7602264714795489,-0.7560004981605222
6753,-0.5970332234404808,-0.576843598708307
6754,-0.971637767739594,-0.982046449556937
6755,-0.7195208962001498,-0.6812986009335369
6756,-1.0370735687802928,-0.8506415675776489
6757,-0.8632954451464867,-0.8157604603188282
6758,-0.7757180742919445,-0.7672469404836382
6759,-0.8191190679868062,-0.8168111148807753
6760,-1.03492150103399,-1.039234628048971
6761,-0.8754334738478065,-0.8020823585490168
6762,-0.9944729834795,-0.9721865644057557
6763,-0.8660056656226516,-0.7737251411502438
6764,-0.6688058192913349,-0.6268144677846719
6765,-0.4516517851087782,-0.37487317863690955
6766,-0.6906366967415625,-0.6740166309267857
6767,-0.827558674553568,-0.6662475332732816
6768,-0.689840693806493,-0.6944899210942248
6769,-0.5716487474219744,-0.5294279636338644
6770,-0.4154300632930937,-0.3900520833080773
6771,-0.4578021247257558,-0.4107775414020711
6772,-0.7682304625608483,-0.5924291485020512
6773,-0.6783297955989838,-0.6705547568077712
6774,-0.9846046846524804,-1.0185198175520305
6775,-1.751189765177275,-1.6105868628149778
6776,-1.369481709128932,-1.2266167009085531
6777,-0.7689422823133922,-0.6356117094634892
6778,-1.5714077805027815,-1.4395107512522212
6779,-0.5792604879899459,-0.5073428688627094
6780,-0.5213678881179454,-0.4532090018885832
6781,-0.6820837832236475,-0.6662581382795758
6782,-1.3908980364023251,-1.2891157582132449
6783,-0.3852923241528598,-0.41826985026850416
6784,-0.5355285358428955,-0.5333573468526203
6785,-0.8340981699699579,-0.745509170746582
6786,-2.3917362803504583,-2.2712992259434035
6787,-0.8079384258016944,-0.6688610312218173
6788,-0.8210044359976008,-0.7726065647386304
6789,-0.8806371120137906,-0.8030834460477001
6790,-1.5599262299744978,-1.5363056815188785
6791,-1.1363544021883318,-1.101595020422348
6792,-0.7021269977092743,-0.7130031178394917
6793,-0.3210713206313726,-0.31275107572709726
6794,-0.8430144675942355,-0.8649439303449813
6795,-0.5698528867214918,-0.5200225965430186
6796,-1.022689892340076,-0.9907845933307745
6797,-0.4303005360817724,-0.400141865400066
6798,-0.732737242244184,-0.6898454303542526
6799,-0.7611717161282089,-0.7046520956418787
6800,-0.7899314553238624,-0.7949288117810102
6801,-0.8982125849559389,-0.922731509796409
6802,-1.0368649321933123,-1.0391826645377427
6803,-1.154561113017474,-1.0742627625726804
6804,-1.0069721456645997,-0.9915358945017329
6805,-0.8444744468659393,-0.8523717107599498
6806,-0.6137506241022155,-0.6142264460220838
6807,-0.9114208923753842,-0.9669024073414157
6808,-1.2035220732060514,-1.1888679473449537
6809,-1.0923689770144085,-1.1043422956637974
6810,-1.1756884423337242,-1.145499985951343
6811,-1.7162477695024931,-1.6424357731356753
6812,-2.0257144144603183,-1.944373901744015
6813,-1.237302278886076,-1.2404979526075994
6814,-0.6518157332442528,-0.6563410539969503
6815,-1.1122415838763118,-1.0969174045738426
6816,-1.001124387563661,-0.9842579474642809
6817,-1.033701689668404,-1.0174111832323816
6818,-0.8590725928313973,-0.8702043040524831
6819,-1.0927955956422082,-1.0040702606714502
6820,-0.816826343536377,-0.8604524113498396
6821,-0.8617907411368319,-0.8035626919275652
6822,-0.9017396324364714,-0.9033302436535353
6823,-1.223404233769853,-1.1830753191368109
6824,-0.8708316217097201,-0.8261904939016246
6825,-0.3966816113545344,-0.4092886727241301
6826,-0.8659256539603536,-0.7939449835510258
6827,-1.1020292570424637,-1.0838990821320975
6828,-0.9143751674844312,-0.8843124605719564
6829,-1.0757165749867756,-1.0305141718995305
6830,-1.1784986386927525,-1.213532597179905
6831,-1.1464424327362417,-1.087246956794182
6832,-1.339625079502431,-1.3368823390951434
6833,-0.7943524076033008,-0.8248761477893166
6834,-0.9059699958609057,-0.9107823236490075
6835,-0.8889874672704889,-0.9072622104201487
6836,-0.8182452499866486,-0.8410934655564062
6837,-1.0706397221069928,-1.1005772505799476
6838,-0.7673404115115026,-0.8100298918507375
6839,-0.9065749728402426,-0.8973513545565506
6840,-0.6567282154009892,-0.6493395779087446
6841,-0.8250796610070753,-0.8106598172745602
6842,-1.0158848180327305,-1.0493494235762675
6843,-1.251883589020071,-1.2252630398931665
6844,-0.9159415646116864,-0.9879245772136253
6845,-0.8358161689699158,-0.8322206520470765
6846,-0.8130140877145482,-0.8292060061202025
6847,-1.1985524356827255,-1.1883988557987206
6848,-0.89669304208238,-0.8700367231960277
6849,-0.904391139976738,-0.9364209631551719
6850,-0.9367181903632112,-0.9118135456440906
6851,-1.1746228628380353,-1.1858512970796597
6852,-1.0621521001638368,-1.0538645277786556
6853,-1.3184113946071891,-1.2905560860426821
6854,-0.9118364624274794,-0.9614242492250541
6855,-0.6564370606296747,-0.6453272054300552
6856,-1.0026793489160464,-0.9805886394578625
6857,-0.9299764836481376,-0.9018779180073391
6858,-1.1364162993985554,-1.1608867032032235
6859,-0.9283388113790704,-0.9649392175500975
6860,-1.2441907954770466,-1.2504970584273623
6861,-0.9879731466603834,-1.0258660432168218
6862,-0.931805221609367,-0.9159223403000772
6863,-1.4377243638962738,-1.4716496853589707
6864,-1.026966326053326,-0.9998890408692662
6865,-0.5254110985024031,-0.5068121230404345
6866,-1.1229947528173758,-1.1036340504684787
6867,-0.7247348589490551,-0.7420607991992472
6868,-0.8596964215123376,-0.8667575105965185
6869,-0.7052546222080556,-0.7642711021062075
6870,-1.0653576573660208,-1.0728711013272105
6871,-1.110248930694521,-1.121972722832212
6872,-1.0264248496802275,-0.9883716410151024
6873,-0.8464872485907503,-0.843615822225488
6874,-1.1328237953112108,-1.1190624756745167
6875,-0.8345049672422156,-0.8255802889178423
6876,-1.3795121233592662,-1.3582967764766025
6877,-0.9381558377613392,-0.9547703816447293
6878,-0.9766638648602388,-1.05403543302749
6879,-1.0986302969819408,-1.06545607342076
6880,-0.8439743352490802,-0.8446361616381187
6881,-0.8394273547239082,-0.8473718838397662
6882,-1.0103957828625227,-1.059803861712485
6883,-1.26686041946559,-1.261562277483088
6884,-0.6838153049630938,-0.6853553272527343
6885,-0.9694509090379227,-0.9657157991521473
6886,-0.751079379126083,-0.7453997653759404
6887,-0.8097755908966064,-0.7866934939626092
6888,-0.9304995730865834,-0.9334648248529059
6889,-0.7938596610875093,-0.7854407298818518
6890,-1.055265458979348,-1.020591765387232
6891,-1.0280390257059142,-1.085446011232439
6892,-0.8331638306610344,-0.8371401476031068
6893,-0.6086610971495162,-0.6399287891271542
6894,-0.6392498770846596,-0.6375596824122901
6895,-0.7465487810992455,-0.7325055660311028
6896,-0.6395286524942679,-0.6372717043696504
6897,-0.6329378222310266,-0.6445154463868711
6898,-1.0329647942106852,-1.0430617528915207
6899,-0.9730444453483404,-0.9884606917926648
6900,-2.602203838965472,-2.6066530921637305
6901,-1.401207070942073,-1.3006893533543586
6902,-1.1267814081768657,-1.1264015804665979
6903,-1.47335786819458,-1.533778584318531
6904,-1.5151764277754158,-1.2141971159242535
6905,-0.889661524646966,-0.8077274164826215
6906,-1.325407787245147,-1.2209372627312702
6907,-1.0134333187295486,-1.0117749851985454
6908,-0.6893046271893405,-0.6660798573321786
6909,-0.7373335994320152,-0.6377538039366293
6910,-0.892398156438555,-0.8698559868031854
6911,-1.203833560148875,-1.0571679581165194
6912,-2.02572762966156,-1.9443739008961598
6913,-0.9746074380800706,-0.9135536252440689
6914,-0.871870269998908,-0.8497475739026696
6915,-1.4247904353671603,-1.4713126314421057
6916,-0.9883906026681264,-0.9671447307972983
6917,-1.2789506006610485,-1.254133409825981
6918,-1.278163357712757,-1.2591154306790768
6919,-2.554830648682334,-2.419610195762356
6920,-1.3084987585361187,-1.3502166707296357
6921,-0.7185929339061412,-0.6920434546124159
6922,-0.9286909597675976,-0.9562511735704358
6923,-1.085339117419812,-1.117792443985643
6924,-1.15398132523825,-1.2205935579869558
6925,-0.4726429595503696,-0.4857159415008399
6926,-0.6950463065805361,-0.6923425251011357
6927,-2.4080380408660225,-2.2639656723827275
6928,-1.8673906326293943,-1.8571518172036967
6929,-1.3169779556768912,-1.2966423183995441
6930,-0.8206058284267783,-0.806137285014546
6931,-1.51876817367695,-1.3823058246514854
6932,-1.2023363765329125,-1.2226866981955327
6933,-0.6711170114576817,-0.6292177213726683
6934,-1.134917188060376,-1.091098717904347
6935,-0.8107124677924222,-0.7701039110585255
6936,-0.9736725471236488,-0.9836735216178537
6937,-1.184927214947782,-1.2657738692248415
6938,-0.7372929805845726,-0.7322461540960981
6939,-1.4669880885486457,-1.501847464925496
6940,-0.6522437187341543,-0.6499460275898092
6941,-0.6211743484171786,-0.6077872640723399
6942,-1.3023086019264636,-1.3169775259712044
6943,-1.441317542578823,-1.4012890570540495
6944,-1.3778988467529416,-1.3310789341981974
6945,-0.913302768021822,-0.8669520240084453
6946,-1.1725167727124863,-1.124948105326683
6947,-0.8469766932864522,-0.744757804740407
6948,-1.0929725340434484,-1.0363216518846354
6949,-0.4307083852255522,-0.42257217790391555
6950,-0.8867570916190743,-0.8447189437884941
6951,-1.5036664406458538,-1.5804889260541413
6952,-0.9552638900372408,-0.9698393115905847
6953,-0.8185174197189568,-0.805759677359687
6954,-1.0768478186801076,-1.0726113500551477
6955,-0.6738157442637852,-0.65091006669973
6956,-1.1165433872577757,-1.0886233988283915
6957,-1.063032118849052,-1.013155541686161
6958,-1.1146554173901675,-1.114612135885534
6959,-0.7999001810948054,-0.79429153173538
6960,-1.1866780732029167,-1.1753983010571545
6961,-1.0909732868894937,-1.119508246618915
6962,-1.191105680167675,-1.2016161229683178
6963,-1.032287335023284,-1.0161477782868964
6964,-0.8907534076617314,-0.920002570393681
6965,-0.4931734749394604,-0.45046923160754015
6966,-0.7612486708071805,-0.7400059024294056
6967,-1.061123710270076,-1.0339368232740314
6968,-0.7672058944554292,-0.7600028326646299
6969,-0.896082644314729,-0.8663213202628594
6970,-0.5996628744261605,-0.5976306345850927
6971,-0.6625498736551566,-0.7345848348929127
6972,-0.8136691670028531,-0.8382076201933635
6973,-0.9012772059068084,-0.923210396623992
6974,-1.210884968791388,-1.1682772351816595
6975,-1.9433132911983289,-1.8795595963263507
6976,-1.5101145054164686,-1.478658691980429
6977,-0.8911107759627085,-0.8311271745611398
6978,-2.482873320579529,-2.300471996568653
6979,-0.723077282038602,-0.6107508388203765
6980,-0.7069894518963126,-0.6870958073665894
6981,-0.6329512984253639,-0.6138312100301907
6982,-1.7303825422774914,-1.7066629714231238
6983,-0.4570376634597778,-0.4695831087274236
6984,-0.5679442071914673,-0.5265100496553302
6985,-1.0631642655808795,-1.0445306232144422
6986,-3.409204545475188,-3.324323872411144
6987,-1.0220492584630847,-0.9799409205286367
6988,-0.9410504878953446,-0.9131518643516439
6989,-1.0010614723240563,-0.9887467156957195
6990,-2.1908167237820835,-2.343796253132344
6991,-1.593264570159297,-1.6096669517142088
6992,-0.6861588507890701,-0.6950663322833979
6993,-0.5265070115487407,-0.5088100171474866
6994,-0.8636813496434411,-0.9112239570048805
6995,-0.8631262592971325,-0.7664067597770156
6996,-1.0856564128121664,-1.0881355658449723
6997,-0.5275561541549919,-0.4955192975400582
6998,-0.8370621958747506,-0.803221937358115
6999,-0.9811876420826876,-0.9653357308227293
7000,-0.7993283595225608,-0.8154862403491872
7001,-0.9708556440369835,-0.9981613835678067
7002,-1.049878526103589,-1.0901652983950054
7003,-1.134116718935412,-1.116454642538989
7004,-0.933849715447241,-1.0066823101422824
7005,-0.8667887098105379,-0.8918334628383484
7006,-0.6425886117210684,-0.6465879923287521
7007,-0.9033570077068122,-0.9730075027877065
7008,-1.1970525074374767,-1.2647559475852255
7009,-1.127176235812579,-1.118448717589556
7010,-1.0670790256455889,-1.1515333009894253
7011,-0.9064452477863856,-1.4255363000374537
7012,-1.9757405860083443,-2.1112204363424802
7013,-1.2756174538956313,-1.3128726380578448
7014,-0.6290825448294942,-0.7142039883991618
7015,-1.092416693456471,-1.104628555706902
7016,-1.020602914714074,-1.0234853560744932
7017,-1.0147813577060552,-1.039557698531582
7018,-0.8664807404658591,-0.9219384140678885
7019,-1.040229266928148,-1.0543186348845053
7020,-0.8532538414001465,-0.9104951199192242
7021,-0.8254401776217675,-0.8472873110940315
7022,-0.8235692876253942,-0.8774847703307251
7023,-1.046557107637095,-1.1975575885492638
7024,-0.708048518313918,-0.8548179601792808
7025,-0.3986211006457989,-0.3996957418148009
7026,-0.8580590578936791,-0.845543415414279
7027,-1.041175701821497,-1.0872623852877328
7028,-0.8975511308788329,-0.9209677723203886
7029,-1.109367851139039,-1.1010964320886711
7030,-1.2134536800458449,-1.2554506273503656
7031,-1.0992745364359182,-1.126462025206869
7032,-1.3630322772403096,-1.3714341998827086
7033,-0.7272838834644288,-0.818739431996661
7034,-0.9470659152481908,-0.9659794381228926
7035,-0.8878126292265662,-0.9346765657372889
7036,-0.841789244612058,-0.8797923685250861
7037,-1.0962963141212168,-1.130616223225876
7038,-0.778216559757558,-0.8496014404529144
7039,-0.8808814213257428,-0.924357799087397
7040,-0.6434586038956276,-0.6590459458852578
7041,-0.8041984073875487,-0.8816158998368091
7042,-1.024242267128109,-1.0626971125026843
7043,-1.237968123236368,-1.2413996545889754
7044,-0.9226780113323716,-1.0030876962238742
7045,-0.819052115891331,-0.8645879918473293
7046,-0.6978696772432703,-0.8215227555403909
7047,-1.1239076464675193,-1.2252978794994818
7048,-0.8826417507127274,-0.9161184843382404
7049,-0.8436712137488431,-0.9286203911876704
7050,-0.9319450568783192,-0.9593434809032539
7051,-1.1015407299810602,-1.2131538778185589
7052,-1.0805296860924063,-1.1035685290429518
7053,-1.3178992114325827,-1.2977348447507637
7054,-0.9839703768722772,-1.0629710001012647
7055,-0.6292052278222964,-0.676847546624409
7056,-0.9735050681949586,-1.0098950988946498
7057,-0.7859123954477236,-0.8979776002531794
7058,-1.0605157835538996,-1.162004106343331
7059,-0.9199209545933924,-1.0101181755697977
7060,-1.0845177912896915,-1.2454617080682209
7061,-0.980260316715684,-1.0689295003301458
7062,-0.9499044279719508,-0.95108943537848
7063,-1.431392461754555,-1.479152604494621
7064,-1.037859065716083,-1.103458575847647
7065,-0.5268537610076195,-0.5654622237695058
7066,-1.143031304196794,-1.1488163862042229
7067,-0.771526482678199,-0.8268927653532127
7068,-0.8040363114009532,-0.8948123219553117
7069,-0.7876761920692384,-0.8388727812100785
7070,-1.0918674339619718,-1.0958389141236426
7071,-1.1253360879513643,-1.1480053829742833
7072,-0.9626518534135448,-1.0273327831594612
7073,-0.8385455645332041,-0.8892269248338722
7074,-1.093412470447925,-1.121418783922497
7075,-0.8132963771313693,-0.8529918335802237
7076,-1.2705185893894166,-1.3564066137560395
7077,-0.9516412370888762,-0.9781896129431418
7078,-1.1106235334115435,-1.089387966904501
7079,-0.9684849563291518,-1.0363931929012837
7080,-0.8812620214713637,-0.9093983336188847
7081,-0.8546457604844441,-0.8729783037653815
7082,-1.0292193316674048,-1.104945273828509
7083,-1.2695267939752386,-1.317893285920193
7084,-0.6547647264768492,-0.6802468718604007
7085,-0.9779124444769336,-1.026484842110961
7086,-0.767336929491324,-0.7958028200414188
7087,-0.8222698361374611,-0.8392840052079649
7088,-0.9318583676981372,-0.9668665760622444
7089,-0.7701644130455431,-0.8198532685772784
7090,-1.0459664625714915,-1.0339001522943172
7091,-1.0761312939399896,-1.1438816156529867
7092,-0.7409323814303376,-0.860588368316163
7093,-0.6179874414621398,-0.6901167382227229
7094,-0.649715781211853,-0.6498657049846732
7095,-0.7293995082840439,-0.735959224398436
7096,-0.6409141527589901,-0.6629672695496704
7097,-0.6259939670562744,-0.7003540309383816
7098,-0.9876619863879772,-1.0779794241790595
7099,-1.035395672154981,-1.035594693815699
7100,-2.679728248540093,-2.380674300886211
7101,-1.414493713268014,-1.2417225639285367
7102,-1.170742581056994,-1.0684098592141549
7103,-1.5735685878329806,-1.4214347912617018
7104,-1.3653628949461312,-1.2129548700571415
7105,-0.8747790904008141,-0.7912167418738594
7106,-1.339045188864883,-1.154895995187191
7107,-1.0718148013418034,-0.9942775293720589
7108,-0.6655016915742741,-0.6224312854777758
7109,-0.7051456430811941,-0.5509993424035848
7110,-0.919121081488473,-0.8061070092514646
7111,-1.122364592552185,-0.9954463135355323
7112,-1.9777430636542184,-2.1112719435294265
7113,-1.050715209901795,-0.8798885102611609
7114,-0.8225441668182611,-0.712028474487014
7115,-1.4936370617813537,-1.445638460453933
7116,-0.965353978673617,-0.910299752084289
7117,-1.291772973629855,-1.213821851617066
7118,-1.3764189248797538,-1.2028533571573596
7119,-2.5981228243220937,-2.2752339711308474
7120,-1.4050559539061327,-1.2831198994117328
7121,-0.7448393115701601,-0.6632581415765322
7122,-1.068210507311472,-0.9196737805416937
7123,-1.1553246540616648,-1.0759937540380413
7124,-1.322274735731672,-1.0925581322533613
7125,-0.4769900861636613,-0.47577995381204197
7126,-0.7259861822276152,-0.6792125345998856
7127,-2.435626605282659,-2.1753229743620035
7128,-1.890362370581854,-1.761450540908313
7129,-1.2866552163053442,-1.2034014583286243
7130,-0.882104555144906,-0.7355217705204997
7131,-1.457042204009162,-1.3256196173948682
7132,-1.2194016994908452,-1.1859105270437822
7133,-0.6957871709018946,-0.6068880575993799
7134,-1.161911321240802,-1.0642696100770177
7135,-0.7932962142219839,-0.7629602493489677
7136,-0.9423898742957548,-0.9365598750302939
7137,-1.257075545399688,-1.2246185830020528
7138,-0.7615173304174828,-0.6850262868779907
7139,-1.5399350399194762,-1.4328909483038286
7140,-0.6418383800066434,-0.6582009473131236
7141,-0.7028339953385583,-0.56396111879948
7142,-1.301587044730667,-1.2208927894991888
7143,-1.5018244288688485,-1.364697201544056
7144,-1.3676019432023168,-1.2105209909592827
7145,-0.9222358921542764,-0.8507091265926257
7146,-1.220999408459318,-1.0128026900751514
7147,-0.8940623767616213,-0.7064049190279555
7148,-1.0513608072485243,-1.0771056619169161
7149,-0.4270461317318589,-0.405598054222958
7150,-0.8584632705897093,-0.7648507838080126
7151,-1.620009562765905,-1.5830978622309482
7152,-0.9769544453583948,-0.9151266544524803
7153,-0.8448829752530238,-0.7583910235543511
7154,-1.0828396240249276,-1.0445400665198892
7155,-0.6310588897220673,-0.6387570507866134
7156,-1.0624767052110775,-0.9787687050255733
7157,-1.052759512450344,-0.9780746487437941
7158,-1.1522079361602664,-1.013571696210061
7159,-0.7978033999602,-0.801033986747328
7160,-1.2579662855281386,-1.174962686339068
7161,-1.1646997518837452,-1.078950659311536
7162,-1.2148272126913071,-1.1517642001112351
7163,-1.0455415965989232,-0.957435092396196
7164,-1.0341141691574685,-0.8620087295713936
7165,-0.4891795551674998,-0.4248397683764703
7166,-0.7827945171400558,-0.72090780853558
7167,-1.143696063248686,-1.0020241929881297
7168,-0.767208783201469,-0.7447959393317556
7169,-0.9396988938945208,-0.7836906794779327
7170,-0.6185463610149565,-0.51271120897358
7171,-0.7606323061063308,-0.6545677136075989
7172,-0.8693366610274023,-0.7740232825604906
7173,-0.930153489112854,-0.8451465634842524
7174,-1.1967559957926253,-1.1279329490331207
7175,-1.9369894642578929,-1.756697183702125
7176,-1.5678545098555716,-1.3646247162600247
7177,-0.9535790738605318,-0.8513865251826589
7178,-2.47331393848766,-2.075195871481561
7179,-0.6906335375525735,-0.5798406327808898
7180,-0.7146918671999791,-0.6449333961774318
7181,-0.6086250478907149,-0.6266948672137067
7182,-1.7556108633677163,-1.667940997899643
7183,-0.5048441041599621,-0.4568993929763546
7184,-0.5813133923212687,-0.5246847983435304
7185,-1.1022928463396175,-1.0000956457357906
7186,-3.790471224557786,-3.1174394610399383
7187,-1.007457840256393,-0.8949333056493733
7188,-0.9442944997964904,-0.8883740270496228
7189,-1.0421215383284683,-0.9480711101095634
7190,-2.2369294892186704,-2.1269707504912616
7191,-1.701593437502461,-1.4689306294329056
7192,-0.7073256313800812,-0.7089605708031803
7193,-0.5146168141853152,-0.44746584531217265
7194,-0.9033254468163778,-0.8946426483863487
7195,-0.8105085492134094,-0.7052653630144441
7196,-1.036704660386078,-1.047713272976598
7197,-0.545975033627,-0.49452336749895
7198,-0.822379607707262,-0.7595766025072244
7199,-1.044305775516717,-0.9255924722494098
7200,-0.751833108968513,-0.7956012225639598
7201,-0.9175003818396864,-0.9284574784645604
7202,-1.0226305926492971,-1.0431858300943866
7203,-1.1013394187587175,-1.0784719243630965
7204,-0.9764522794605226,-0.9931031991078316
7205,-0.8382409385932509,-0.8567437711238248
7206,-0.6055394808451334,-0.6172280633324898
7207,-0.9526941720829454,-0.9734908385588209
7208,-1.1967809135599654,-1.1969194351451424
7209,-1.0905319997506548,-1.1045869394355363
7210,-1.1216667391533075,-1.1502152237558327
7211,-1.6288219166326,-1.6443324474999683
7212,-2.0095312935965404,-1.9492492557268049
7213,-1.2179722649152165,-1.246961812848049
7214,-0.6457574302835982,-0.6630176210714394
7215,-1.0925609124824405,-1.0974143906262588
7216,-0.9800415288570316,-0.9872575729019641
7217,-1.0433017024698183,-1.0227919097272333
7218,-0.8763866803442785,-0.8754994697965178
7219,-1.0379001281058142,-1.0089791990303576
7220,-0.8342453574025354,-0.8662663557168211
7221,-0.817861043205557,-0.8108663973680788
7222,-0.9064062177672868,-0.9072898731365462
7223,-1.1632522464722626,-1.186775323211305
7224,-0.8577739776566972,-0.8399169113725642
7225,-0.3954797127307989,-0.40800284864152436
7226,-0.8928550056708876,-0.8046786631470887
7227,-1.0565666311471038,-1.0871872516414867
7228,-0.8935929028562797,-0.8886510741643665
7229,-1.0806814626205798,-1.0384810942952905
7230,-1.222212366355482,-1.2184620701333801
7231,-1.1636551470719567,-1.0941256749480972
7232,-1.316448456557222,-1.3428378155807645
7233,-0.805477031441622,-0.8296138071157096
7234,-0.9214917901874512,-0.9171419780815545
7235,-0.8846931106360384,-0.9138840892518615
7236,-0.8113526870807012,-0.8450993297639734
7237,-1.0711911713430124,-1.1033117776349233
7238,-0.7571619998577029,-0.8120503861493662
7239,-0.879185112871865,-0.9024382698089897
7240,-0.6468598274084237,-0.6493411118970717
7241,-0.8311863463054332,-0.8204826832924053
7242,-1.0861032896263654,-1.0587293422459803
7243,-1.2452800671259563,-1.2346402249641337
7244,-0.940549983534702,-0.9922939240395081
7245,-0.8157760256020598,-0.8365689827817675
7246,-0.8385157134589247,-0.8376127593823013
7247,-1.199501071789468,-1.1952626629387166
7248,-0.885314939558044,-0.8762790174148978
7249,-0.8738475511240404,-0.9370311255927309
7250,-0.9455256295758624,-0.9207484984511881
7251,-1.158550550771314,-1.1897902366899604
7252,-1.0343910132267675,-1.0562580989070782
7253,-1.3392307231592575,-1.2950131262247297
7254,-0.8836815384931342,-0.9671606800593123
7255,-0.6310401295506677,-0.6489890053462559
7256,-0.973743439644806,-0.987681365476825
7257,-0.973985187767088,-0.9106777696993404
7258,-1.1265430487403574,-1.1654070008638875
7259,-0.902118488799694,-0.9690917148822911
7260,-1.233405968939611,-1.2546411843390957
7261,-0.9815165978069452,-1.0310514169473808
7262,-0.8815012578816377,-0.9173167651601929
7263,-1.4900051761967268,-1.4757453213714913
7264,-1.0404573972408588,-1.0072279647387579
7265,-0.5166977828787279,-0.5107662394919364
7266,-1.0999119457348372,-1.107987407535013
7267,-0.7742936906888503,-0.7484430531957509
7268,-0.8529627193776212,-0.8733789005252037
7269,-0.7289836212646129,-0.7718430473717591
7270,-1.027871657711591,-1.0724528371180102
7271,-1.1053318579991658,-1.129161065226327
7272,-0.962853524111962,-0.9926050770133071
7273,-0.8209825181221777,-0.8499529030057029
7274,-1.1074118327724842,-1.1236269283719194
7275,-0.7848755543210865,-0.8293639923133119
7276,-1.3428803090901338,-1.3630241967216892
7277,-0.930598356927088,-0.9578861127911386
7278,-1.0752231326214103,-1.0583886103737394
7279,-1.0670652793625657,-1.067459973233695
7280,-0.8454322620879772,-0.8516244134783975
7281,-0.8476738929748535,-0.850887767268033
7282,-0.97765431478042,-1.0619982075082244
7283,-1.253013816914817,-1.2643530567048942
7284,-0.6459596269535568,-0.6853784827816632
7285,-0.9396979734879132,-0.9726485707241153
7286,-0.7727568020192228,-0.7526795472214536
7287,-0.7683446499728417,-0.7908470119902447
7288,-0.9594304820363836,-0.936279429362738
7289,-0.7858463507290034,-0.7895606486933977
7290,-1.022918231727541,-1.02323157825658
7291,-1.024429766706718,-1.0907269511597286
7292,-0.7985732703245887,-0.8393475942954377
7293,-0.6257383250450903,-0.6459008843022409
7294,-0.6014273377913463,-0.6360319755509236
7295,-0.7634457395982372,-0.7406551754770564
7296,-0.6871298976646837,-0.6488832959942199
7297,-0.6398677234501802,-0.6522436477133765
7298,-1.025106626887654,-1.0473464751055346
7299,-0.977916309075762,-0.9921530407676665
7300,-2.566334941807915,-2.588188208948872
7301,-1.3214409120323125,-1.292498916181186
7302,-1.074711780215419,-1.1201300125606861
7303,-1.4626948171191745,-1.5232972795736295
7304,-1.459127845435307,-1.2117915354521165
7305,-0.8401169555131779,-0.8053124466613472
7306,-1.296840314962426,-1.2168611021554079
7307,-1.0426903316216876,-1.0096244516561705
7308,-0.6549283811288287,-0.6646757043304524
7309,-0.6902853853908586,-0.6342968229387023
7310,-0.9025352716445922,-0.8673007811493811
7311,-1.1168878555297852,-1.0505841119229615
7312,-2.009981138365609,-1.9492730963981568
7313,-0.9359379119651262,-0.9064558217646762
7314,-0.8185176476836205,-0.8426844312745484
7315,-1.470721532901128,-1.47040065348143
7316,-0.9689803620179496,-0.962589326855927
7317,-1.264480525208998,-1.2511534778327613
7318,-1.26998822853483,-1.2513797966516331
7319,-2.4741952256722883,-2.397711530530892
7320,-1.3869279966904566,-1.3440097753397031
7321,-0.7525485365889794,-0.6892951761760608
7322,-0.95146901578438,-0.9471267863372265
7323,-1.0948537329370662,-1.111760320627621
7324,-1.1514314135839774,-1.2047094902518176
7325,-0.4693349128545717,-0.48435852703869636
7326,-0.6681254104126332,-0.6890978683950837
7327,-2.289358206417249,-2.2440793768800322
7328,-1.9079797494979127,-1.853884440765213
7329,-1.382782143575174,-1.291483673899298
7330,-0.8108197143301368,-0.7998395902426002
7331,-1.551305678155687,-1.3851516059270783
7332,-1.2198578901588917,-1.2178562634492358
7333,-0.6627687634900212,-0.6269670111393426
7334,-1.109138623688572,-1.0858920353580552
7335,-0.7631238754405532,-0.7704951136238203
7336,-0.9102680547670884,-0.9781060951351157
7337,-1.1915472755136416,-1.2581758863135886
7338,-0.711817380011551,-0.7274215192517911
7339,-1.49693791718446,-1.496961540752991
7340,-0.6457824358573326,-0.6498908990135266
7341,-0.6626067004462545,-0.6041068245191134
7342,-1.2530156198398088,-1.3051128692795224
7343,-1.4033493200937908,-1.3973000485296778
7344,-1.3282124232500792,-1.321153908304012
7345,-0.8911104192957282,-0.8650905453456419
7346,-1.1730661599532417,-1.1183917620083605
7347,-0.7718055091162984,-0.7389248522097833
7348,-1.0356190928391047,-1.0416089311478893
7349,-0.4186990759265956,-0.4214092898544994
7350,-0.8266913630068302,-0.8388225031674245
7351,-1.551381598147311,-1.574595376600888
7352,-0.9518914158030074,-0.9650886716311758
7353,-0.81752871542938,-0.7998304850828011
7354,-1.0575907360762358,-1.0704676138920228
7355,-0.6220337530923268,-0.6499540157183938
7356,-1.078843628713327,-1.0847709818612046
7357,-1.0428857692452365,-1.0105326857518848
7358,-1.0685629062354565,-1.1077129891222703
7359,-0.7928401400645574,-0.7944665429896748
7360,-1.1823476931845496,-1.1723025094534583
7361,-1.0809203628450632,-1.1137551253072682
7362,-1.155465991795063,-1.1946328591256432
7363,-0.9797967625781894,-1.0110786741113371
7364,-0.9039119802988492,-0.9165234226335008
7365,-0.4506064459808871,-0.4481156935109953
7366,-0.7120900006257287,-0.7384306569329144
7367,-1.0704470327658246,-1.0303085971693577
7368,-0.7652694190195365,-0.758379759393908
7369,-0.9103636298068736,-0.8594710841166584
7370,-0.6037291903344412,-0.5925011548382548
7371,-0.6788089635760285,-0.7276983823387713
7372,-0.857767036982945,-0.835959353247537
7373,-0.8809404587373137,-0.9181086748559075
7374,-1.2191266834208396,-1.1663832459168622
7375,-1.9551422846944708,-1.8717963041917838
7376,-1.4903038564481232,-1.4693379587031323
7377,-0.8761544170833769,-0.8299474324642147
7378,-2.387977433927132,-2.2788325675217354
7379,-0.7065082723444158,-0.6089829655407208
7380,-0.6941213977429294,-0.686195499742157
7381,-0.5997819992922997,-0.6145935658673223
7382,-1.6836224526397945,-1.6991395511317222
7383,-0.4439681356603449,-0.467889272952884
7384,-0.5457603565851847,-0.5251301835376968
7385,-1.0579357147216797,-1.0445364139165778
7386,-3.2895947865077426,-3.29618263516292
7387,-1.0131694786250591,-0.9762860943440632
7388,-0.8943448112916577,-0.910554612553525
7389,-0.9667751417247528,-0.9855439014364872
7390,-2.024814652360004,-2.32029540445782
7391,-1.5423711730587868,-1.5960341294533356
7392,-0.6932048022747039,-0.693526351599215
7393,-0.5248673422130075,-0.504568809457225
7394,-0.900756553161976,-0.9107525017142576
7395,-0.760443058796227,-0.7602048330096414
7396,-1.0643538282823193,-1.0863327036554582
7397,-0.5034164957297865,-0.49323109062130216
7398,-0.7859168397262692,-0.801018931066336
7399,-0.9349632457245228,-0.9609679456855547
7400,-0.7805946982184122,-0.7949288833707743
7401,-0.8874095123389671,-0.9227316005745486
7402,-1.042375125626261,-1.0391827980382484
7403,-1.060651044512904,-1.0742627061593075
7404,-0.9593627268029736,-0.9915357658356827
7405,-0.8086429289145063,-0.8523717944743396
7406,-0.6012712245763734,-0.6142265102619887
7407,-0.8835832998734112,-0.9669025012598015
7408,-1.2185267644335134,-1.1888681567009056
7409,-1.1443394376325975,-1.1043424440964993
7410,-1.1507921107979708,-1.1454998888899321
7411,-1.689084347787794,-1.6424356622885434
7412,-2.019431778362819,-1.944373778728496
7413,-1.2268982451470172,-1.2404980769167555
7414,-0.6341966519984163,-0.6563411780266324
7415,-1.1008641412481666,-1.0969174065719276
7416,-0.9902442102284394,-0.9842579956622473
7417,-1.0172458563664162,-1.0174112633068402
7418,-0.8993863292442735,-0.8702044457461758
7419,-1.0522382813830709,-1.0040701581674594
7420,-0.8173969022987425,-0.8604526658791828
7421,-0.8402567353359488,-0.8035627999434136
7422,-0.8831044278403585,-0.9033303186259293
7423,-1.1909722958424294,-1.1830753026409393
7424,-0.8724371721578199,-0.8261906405830798
7425,-0.3950002988179524,-0.40928864015045296
7426,-0.8869819419328556,-0.7939452058995926
7427,-1.0457357621008112,-1.083898960877192
7428,-0.9269002297127894,-0.8843125046142227
7429,-1.0596240851306176,-1.0305142421534756
7430,-1.1970615174419197,-1.2135326422017523
7431,-1.1598513837932616,-1.087247056358677
7432,-1.2917684926543125,-1.3368824182639631
7433,-0.7902613582537156,-0.8248762248323178
7434,-0.9152936981629956,-0.9107824621140593
7435,-0.8886933945870215,-0.9072622965888814
7436,-0.8024705866972606,-0.8410935471588351
7437,-0.9988924163256504,-1.1005771929905055
7438,-0.7834520589473636,-0.8100300101909177
7439,-0.914248877717543,-0.8973514289637537
7440,-0.6364998248907235,-0.6493395671818666
7441,-0.8295822430026624,-0.8106599840131749
7442,-1.0544884352720985,-1.0493496602493466
7443,-1.244322993958643,-1.225263263914836
7444,-0.8912483342858248,-0.9879246923334034
7445,-0.8012142634206965,-0.8322206323954509
7446,-0.8243301018016544,-0.8292061044746445
7447,-1.1983229060505711,-1.188398972454687
7448,-0.9108592881712804,-0.870036750137053
7449,-0.8592199752497118,-0.9364209858716754
7450,-0.9472145553707152,-0.9118137326307028
7451,-1.1360222461611726,-1.1858513690260966
7452,-1.0551271004270213,-1.0538646199898811
7453,-1.32456243500229,-1.2905561277754216
7454,-0.8628474778907244,-0.9614243680174825
7455,-0.650095448937527,-0.6453272249394627
7456,-0.9887222975723504,-0.980588737033867
7457,-0.9472701688145482,-0.9018780835306851
7458,-1.104165648305139,-1.1608867567698158
7459,-0.9155025038608284,-0.9649392505970463
7460,-1.2363556410915169,-1.2504971245965677
7461,-0.989553040312242,-1.025866360295996
7462,-0.877925578013871,-0.9159222653435751
7463,-1.471695947092633,-1.4716498604987043
7464,-1.0314537442647491,-0.9998890824465775
7465,-0.5396402288776959,-0.5068121954307606
7466,-1.103764347327772,-1.103634075418077
7467,-0.7447836094124373,-0.7420609205076504
7468,-0.8999690418095552,-0.8667577141942339
7469,-0.730515531791273,-0.7642712419160129
7470,-1.05068170562271,-1.0728711167923795
7471,-1.119108522585196,-1.1219728729865464
7472,-0.9979586370231568,-0.9883717069929093
7473,-0.8221662044525146,-0.8436159265535019
7474,-1.0977697381677554,-1.1190625072575002
7475,-0.7935014319630851,-0.8255803374593094
7476,-1.351763533991437,-1.358296849892019
7477,-0.9219674953194552,-0.9547704657253274
7478,-1.0697795781054238,-1.0540356696424245
7479,-1.08564759007955,-1.0654561976106323
7480,-0.8904806615770325,-0.8446363106240727
7481,-0.8465938420258752,-0.8473719229564656
7482,-0.9657172269599382,-1.0598039576033582
7483,-1.3006729608358338,-1.2615623860889518
7484,-0.6624375694202926,-0.6853552769652009
7485,-0.9705749352773032,-0.9657159926012566
7486,-0.7646147068156752,-0.7453998723125934
7487,-0.7957177956899008,-0.7866936110015452
7488,-0.9745577287304308,-0.933464958134274
7489,-0.8142512935076573,-0.7854407765522528
7490,-1.05279545913371,-1.0205918309687276
7491,-1.0299989363943884,-1.0854461249827825
7492,-0.8511487938636957,-0.837140216470919
7493,-0.6167819998985113,-0.6399290246265795
7494,-0.6113288055492353,-0.6375596686238437
7495,-0.7933670929236005,-0.7325058001013325
7496,-0.6766744269881138,-0.6372720855699078
7497,-0.6723444397135299,-0.6445156593937094
7498,-1.0068447358848511,-1.0430618455985068
7499,-0.9706081909726756,-0.9884607583236144
7500,-2.6065872346653656,-2.606653258157198
7501,-1.3752511536428171,-1.3006893624672595
7502,-1.102455174276071,-1.1264014312606996
7503,-1.5161701811684505,-1.533778834489056
7504,-1.5342248842634003,-1.2141969422073555
7505,-0.8420083217842634,-0.8077273523899026
7506,-1.378865463393075,-1.2209373306459292
7507,-1.0515068640080534,-1.0117751853365704
7508,-0.6649069564287052,-0.6660799042005395
7509,-0.7650092354527226,-0.6377539345871759
7510,-0.9214820884522936,-0.8698560822933167
7511,-1.172286574045817,-1.0571678500223263
7512,-2.0210555536406383,-1.944373776810065
7513,-0.9411157101623772,-0.9135535925284853
7514,-0.8547643031924963,-0.8497476420810021
7515,-1.5243563254674275,-1.4713126442225262
7516,-0.9947742789983748,-0.9671447501215985
7517,-1.310526592786922,-1.254133534288828
7518,-1.2876507221967324,-1.2591156468927658
7519,-2.474660429087552,-2.4196100485113536
7520,-1.337733818934514,-1.350216508184812
7521,-0.7828077234963114,-0.6920436575620622
7522,-1.0026054164258444,-0.9562512494435433
7523,-1.1102318495743035,-1.117792524618581
7524,-1.0859310275824494,-1.2205933501771686
7525,-0.4705041166423827,-0.4857159131363696
7526,-0.6963457127874212,-0.6923424811899149
7527,-2.373668960903002,-2.263965555843659
7528,-2.0967844156991866,-1.8571516668076884
7529,-1.351093398200141,-1.2966423035351275
7530,-0.8450354840606451,-0.8061372588927828
7531,-1.5229727029800415,-1.382305449374098
7532,-1.2233466329053044,-1.2226867018045147
7533,-0.6804871782660484,-0.6292176385297437
7534,-1.1629784938900969,-1.0910986435331742
7535,-0.8268398841222128,-0.7701040865944463
7536,-0.9540181430903348,-0.983673586008243
7537,-1.2030060845752095,-1.265773946563984
7538,-0.7546943576317134,-0.7322461609962361
7539,-1.5054002778474675,-1.5018475149236126
7540,-0.6308775745905363,-0.6499460107807392
7541,-0.7043733966442965,-0.607787314739649
7542,-1.2751118286635523,-1.3169774473955365
7543,-1.4076779461646265,-1.4012889940938693
7544,-1.4073603246361015,-1.3310789817630608
7545,-0.8920683078467846,-0.8669519791849288
7546,-1.2616836350897085,-1.1249480013809032
7547,-0.8974988294202227,-0.7447579596367889
7548,-1.0587455672877175,-1.0363215126134633
7549,-0.430355876239378,-0.42257211862634814
7550,-0.8525673383846879,-0.8447188479496771
7551,-1.5770868746809257,-1.580489078797474
7552,-0.9695546710213948,-0.9698393770535161
7553,-0.8577390770579494,-0.8057597007070623
7554,-1.1016136584803462,-1.0726113680856861
7555,-0.6295815725175161,-0.6509099815290605
7556,-1.1263935639876728,-1.0886235280889396
7557,-1.0480111421540723,-1.0131555054401993
7558,-1.1061725905165076,-1.114612124654561
7559,-0.80051083167394,-0.7942915249104355
7560,-1.1913529920947643,-1.1753982056506052
7561,-1.1139282314106822,-1.1195082742442253
7562,-1.1676456347107886,-1.2016159688298205
7563,-1.028816368430853,-1.0161478665545998
7564,-0.9684620453761176,-0.9200028207095251
7565,-0.4998144583824353,-0.4504692270788108
7566,-0.7583220291507337,-0.7400060073030202
7567,-1.115610964538515,-1.0339370292840704
7568,-0.7773648075355116,-0.7600028188739564
7569,-0.9332946575889292,-0.8663212793412535
7570,-0.6248157279832023,-0.5976307411040765
7571,-0.7096093283143154,-0.7345848803468952
7572,-0.9175246625530477,-0.8382079533150287
7573,-0.8852337282150984,-0.9232103620700943
7574,-1.221180871524642,-1.168277208368541
7575,-2.021129150139658,-1.8795597990214934
7576,-1.4894377018276015,-1.4786587374927427
7577,-0.944208618194338,-0.8311272733843921
7578,-2.478339722662261,-2.3004717636033463
7579,-0.7021016597747802,-0.6107508084750007
7580,-0.7302517271781153,-0.6870959170054589
7581,-0.6265949648480083,-0.6138312302496486
7582,-1.6970761894255646,-1.7066630272633505
7583,-0.4713014060800726,-0.4695829716092166
7584,-0.5484007469813029,-0.5265099690849533
7585,-1.0809221239977105,-1.044530798401826
7586,-3.44004377864656,-3.3243243141537255
7587,-1.0462978780269625,-0.9799409872223506
7588,-0.9155746716861576,-0.9131518815741533
7589,-1.0150171157416947,-0.9887467002776358
7590,-2.0484210460082344,-2.343795942303189
7591,-1.5911877386031612,-1.6096667704729262
7592,-0.7161051541566849,-0.6950663481356311
7593,-0.5393525606065285,-0.5088099735622666
7594,-0.8742297527401947,-0.9112238774795633
7595,-0.8075673067942262,-0.766406614149057
7596,-1.090463828670886,-1.0881356063851766
7597,-0.5246118926262671,-0.4955192963129797
7598,-0.8574156919494271,-0.8032220008346493
7599,-0.9414255138515502,-0.9653357365314239
7600,-0.7530740628870882,-0.7949288770331269
7601,-0.8821937626805799,-0.9227316508449073
7602,-1.0404196062753366,-1.0391828234632812
7603,-1.0997911590014318,-1.0742627837311842
7604,-0.963876581931299,-0.9915358486518872
7605,-0.803150128024493,-0.8523718248380053
7606,-0.5973441942717678,-0.6142265715686024
7607,-0.850957992464997,-0.9669025086407471
7608,-1.226374401602634,-1.1888681583052616
7609,-1.1690086468245633,-1.1043425324897622
7610,-1.1544091091599575,-1.1454999611561671
7611,-1.67091608440483,-1.6424356279191643
7612,-2.025476404598781,-1.944374043628467
7613,-1.2138814818663677,-1.2404981576709304
7614,-0.6331958650618561,-0.6563412020185705
7615,-1.0755892591550946,-1.0969174226227023
7616,-0.9798789985420168,-0.9842580322656507
7617,-1.016222450160241,-1.017411285558055
7618,-0.9012068315993907,-0.8702045049605444
7619,-1.0641471295393714,-1.0040701554563278
7620,-0.8375270569971366,-0.8604528088279119
7621,-0.8271674804909285,-0.8035628619488838
7622,-0.9104669500691022,-0.903330403337465
7623,-1.18666350471881,-1.1830753081187089
7624,-0.8863086478654728,-0.8261906705033463
7625,-0.3902155252603384,-0.40928867049868317
7626,-0.8656140741451767,-0.7939451638607656
7627,-1.060781945553861,-1.0838989923744924
7628,-0.941707880922066,-0.8843125795952079
7629,-1.0991432213968084,-1.0305144028686075
7630,-1.208043240761572,-1.2135326773576354
7631,-1.1590627385664356,-1.0872471222174251
7632,-1.3193658682727074,-1.3368824449719452
7633,-0.7773161276366359,-0.8248762720777361
7634,-0.9292974610661352,-0.9107825094608997
7635,-0.8750774943551352,-0.907262311364957
7636,-0.8120987117290497,-0.841093638270794
7637,-0.9984621918478678,-1.10057723356166
7638,-0.7576079969258271,-0.8100300092676975
7639,-0.8588369095972342,-0.8973513607822794
7640,-0.635466862641848,-0.6493395963261375
7641,-0.8380754751752514,-0.8106600734601097
7642,-1.024477711943693,-1.0493496096120702
7643,-1.2380195273909458,-1.225263248530171
7644,-0.8772336022798405,-0.9879247172830826
7645,-0.8154756431431733,-0.8322207123148082
7646,-0.8345874313294418,-0.829206191888123
7647,-1.1980314042217048,-1.1883989607637568
7648,-0.8821270798527917,-0.8700367942332802
7649,-0.8778662940328436,-0.9364210799971057
7650,-0.95868905292925,-0.9118137453607351
7651,-1.1368186871210737,-1.1858514539258378
7652,-1.0378314820370933,-1.053864641922326
7653,-1.320104763489361,-1.2905560849571651
7654,-0.8473654412483984,-0.9614242988706923
7655,-0.6483689990154532,-0.6453272703844102
7656,-0.9841318989908971,-0.9805887313703847
7657,-0.9450561214787092,-0.9018780766154795
7658,-1.1407926082611084,-1.1608868683111764
7659,-0.903591274291046,-0.9649392797905028
7660,-1.214069830354794,-1.2504971306194779
7661,-0.996516786804495,-1.0258664109265119
7662,-0.8861638372258622,-0.9159222554883173
7663,-1.4700205852819044,-1.4716499008738548
7664,-1.0341782835813669,-0.999889031406054
7665,-0.5663591105808583,-0.5068122813284589
7666,-1.1072599028432093,-1.1036341585129432
7667,-0.7258548551751661,-0.7420609314958742
7668,-0.9048369365145068,-0.8667577218502241
7669,-0.7383993337320727,-0.7642713402606836
7670,-1.0462260689846306,-1.0728711549752392
7671,-1.1185174394947617,-1.1219728630918537
7672,-1.0060925603837003,-0.9883717351188693
7673,-0.8318379248759543,-0.8436159802146204
7674,-1.0719900953677273,-1.1190625295677683
7675,-0.7722156417053357,-0.8255803414507422
7676,-1.3634740576263549,-1.3582969107831495
7677,-0.9164374327474788,-0.9547705672458396
7678,-1.0473214489545009,-1.054035621293818
7679,-1.0742510547072202,-1.0654562223061737
7680,-0.8893872712009637,-0.8446363104743052
7681,-0.8528320308803587,-0.8473719726030752
7682,-0.9858562373375708,-1.0598039996104092
7683,-1.3079977183378944,-1.2615623510408573
7684,-0.6708375226776555,-0.6853553289427204
7685,-0.975023111631704,-0.9657159840035356
7686,-0.7716533860494924,-0.7453999186489445
7687,-0.7622499992681104,-0.7866935684988461
7688,-0.964577552884124,-0.9334649675537061
7689,-0.7762751948925876,-0.7854407767556035
7690,-0.989404654318048,-1.020591774559044
7691,-1.0311915661937507,-1.0854461045177912
7692,-0.8291546605354132,-0.837140171399272
7693,-0.62211185739946,-0.6399290493702319
7694,-0.6424872362160985,-0.6375596630578407
7695,-0.7770815597948177,-0.7325057477117494
7696,-0.651621750158857,-0.6372720201221951
7697,-0.6660195884778518,-0.6445156249725935
7698,-1.0202904292779376,-1.0430618848593132
7699,-0.9277857153914696,-0.9884607713255312
7700,-2.6510902713326847,-2.606653280171006
7701,-1.3001244973766712,-1.300689123375439
7702,-1.0426116220710813,-1.1264013776780313
7703,-1.4591543409559462,-1.5337785637426988
7704,-1.5912768923003098,-1.214197230132485
7705,-0.7949584057164747,-0.8077273753018659
7706,-1.3192470268327363,-1.2209373147753546
7707,-1.0207596351934034,-1.011775056290495
7708,-0.6630013617434243,-0.6660798618130676
7709,-0.7738105176407614,-0.6377538894908745
7710,-0.9057200783774966,-0.8698561168307074
7711,-1.1304316480954488,-1.0571679307043735
7712,-2.025869905948639,-1.944374046568894
7713,-0.8578774235969366,-0.9135534930893378
7714,-0.8274397868663073,-0.8497475998819694
7715,-1.4856137136618297,-1.471312739972927
7716,-0.9677586068709692,-0.9671447120048823
7717,-1.30600349385609,-1.2541334215477518
7718,-1.2515476955764595,-1.259115649285262
7719,-2.3111794049089607,-2.4196096636830005
7720,-1.2965238644526556,-1.3502163402510046
7721,-0.7339329562445943,-0.6920434704524248
7722,-0.9173352791041862,-0.9562511004560881
7723,-1.05053300266118,-1.1177923949843667
7724,-0.969030268432558,-1.2205933237947921
7725,-0.4652108074158661,-0.4857159341854297
7726,-0.6518050164215324,-0.6923423840154911
7727,-2.260623672734136,-2.2639653273074236
7728,-2.0657603400094167,-1.8571516128202925
7729,-1.285844412114885,-1.2966423094263706
7730,-0.769611019641161,-0.8061371545969788
7731,-1.5127772490183513,-1.3823055940896454
7732,-1.1992384819313884,-1.2226865851402426
7733,-0.655744131654501,-0.6292176125087989
7734,-1.0592837019484171,-1.091098504472797
7735,-0.7945497876913973,-0.7701039786562595
7736,-0.9388456588441676,-0.9836736000022283
7737,-1.1536419299221778,-1.2657739392327911
7738,-0.7254176158604659,-0.7322461352934315
7739,-1.4764596094456754,-1.5018474833605728
7740,-0.6263261400736295,-0.6499460407421751
7741,-0.6180593634760657,-0.6077872180128652
7742,-1.2592176051102868,-1.3169773691417517
7743,-1.376597380453302,-1.4012889445067556
7744,-1.3299890542402864,-1.3310787509195814
7745,-0.8730276180431247,-0.8669519324027365
7746,-1.19511049726735,-1.1249478441986247
7747,-0.8001754376315331,-0.7447577941105663
7748,-1.0653568037918637,-1.0363217456700755
7749,-0.4198865908295361,-0.42257206310699014
7750,-0.8170423312112689,-0.8447188142551384
7751,-1.5450063491052437,-1.580489024699861
7752,-0.8783221854720005,-0.9698392733457618
7753,-0.8182450921036476,-0.8057595893332515
7754,-1.056909117847681,-1.0726113182282082
7755,-0.640475555071755,-0.6509100699512407
7756,-1.1209404191305472,-1.0886234835882982
7757,-1.012859397156294,-1.0131554339213344
7758,-1.019413829781115,-1.1146119247227129
7759,-0.7881522138913473,-0.7942915584569625
7760,-1.1540781250295713,-1.1753981198117776
7761,-1.030552726238966,-1.1195081619969995
7762,-1.1387744963169095,-1.201615907938766
7763,-0.9648244930431248,-1.0161478004835982
7764,-0.8392477888327379,-0.9200024762737807
7765,-0.471497888239021,-0.4504692412079952
7766,-0.7174985519675321,-0.7400059819023221
7767,-1.0857002402460851,-1.033936965613056
7768,-0.7820608227751976,-0.7600027656109197
7769,-0.8738005835880605,-0.8663211020075648
7770,-0.5805709456640576,-0.597630685065324
7771,-0.6633935150249984,-0.7345848003517697
7772,-0.9086189963379684,-0.838207879192683
7773,-0.8246703492477536,-0.923210345586401
7774,-1.165408492088318,-1.1682771594327153
7775,-2.0293470872075936,-1.8795596028406536
7776,-1.4473541749151129,-1.4786587910525621
7777,-0.9450897337898376,-0.8311271956277967
7778,-2.303488001678929,-2.3004713232940976
7779,-0.6818871281363748,-0.6107508312512199
7780,-0.6901693676793298,-0.6870957435397811
7781,-0.6139913132024366,-0.6138313002254354
7782,-1.6197506318720736,-1.7066627983192382
7783,-0.438297473300587,-0.4695829603545247
7784,-0.5250403022766114,-0.5265100211643183
7785,-1.0522545585336611,-1.0445305837510572
7786,-3.1956446227573214,-3.324323831898791
7787,-1.0291419103741646,-0.9799408873921723
7788,-0.8715145837428958,-0.9131517646126495
7789,-0.9380250917662174,-0.9887466504251475
7790,-1.979454465534376,-2.343795771369497
7791,-1.4790465312619363,-1.6096666409344418
7792,-0.6831234037876129,-0.6950663864265005
7793,-0.5154157163589959,-0.5088098980455883
7794,-0.8587161136227984,-0.911223892583264
7795,-0.7641046270728111,-0.7664065402196215
7796,-1.0791058734405872,-1.0881355822305983
7797,-0.5028702381045319,-0.4955192362327835
7798,-0.8198304586112499,-0.8032219724105132
7799,-0.8641666848530141,-0.9653356203432242
7800,-0.8629563741905745,-0.8525272533389537
7801,-1.0504313799841651,-1.1340715488989166
7802,-1.1515126681143,-1.1820265875307974
7803,-1.2610388818637346,-1.1924773042525565
7804,-0.9839682874753494,-1.0339738678647308
7805,-0.9038032857022544,-0.9629365017933923
7806,-0.6776696766993796,-0.7048978892096062
7807,-0.9352855442106262,-0.9840085541691628
7808,-1.3323358713194382,-1.4014923694279373
7809,-1.13657284707062,-1.1438660911438638
7810,-1.2152818007062571,-1.1624062844728114
7811,-1.1211597867064425,-1.0347293508986066
7812,-2.207480839320592,-2.411847299444266
7813,-1.3557915335795918,-1.4432784241699361
7814,-0.7121739452199418,-0.8184626027704671
7815,-1.10266157053411,-1.1185228789020027
7816,-1.078155791112619,-1.0941659329653879
7817,-1.0424668456232824,-1.079462173639402
7818,-1.0378033440242442,-1.0151546278579326
7819,-1.20183120771896,-1.1448578180347375
7820,-0.9127698646959408,-1.0006628205365606
7821,-0.9480633079543594,-0.9260725126679453
7822,-0.8762143536131511,-0.8309173388166248
7823,-1.1462132976960766,-1.2236529127966944
7824,-0.9565320892851482,-0.906402216135794
7825,-0.3746712289304815,-0.382410968447247
7826,-0.9596171249714932,-0.9385148317652257
7827,-1.1063884182493815,-1.0933235275312272
7828,-0.9752927658169768,-0.9870142089245377
7829,-1.196877779886704,-1.2282730767484815
7830,-1.2863833922748418,-1.3309792628700947
7831,-1.2300606781198071,-1.1971212150497041
7832,-1.4141007153562797,-1.4336908776484594
7833,-0.7652873493904291,-0.8076833463712343
7834,-1.0679199640140975,-1.0654347416385996
7835,-0.9739739497502644,-0.9840726990985371
7836,-0.880566093325615,-0.9495211143434715
7837,-1.1088901573373366,-1.1847405823460222
7838,-0.7817472783170005,-0.9209016239443932
7839,-0.9923002331755882,-0.9730193427085578
7840,-0.6597964222614582,-0.6765349694446442
7841,-1.0073775108470473,-1.00946698836344
7842,-1.0066873389621114,-1.0867478978763772
7843,-1.3195526867873908,-1.2704760927264631
7844,-0.8948504305625147,-1.0304095068502193
7845,-0.9153117264888084,-0.9229087575998668
7846,-0.7955513798345731,-0.8076810594184453
7847,-1.225182146064995,-1.2917835703403937
7848,-1.000823366549588,-0.9991501465875152
7849,-0.8559645220290782,-0.9145657328212299
7850,-1.0403103708296784,-1.0449843533466572
7851,-1.1748238875884418,-1.2623486722065738
7852,-1.1468723855277363,-1.19312573512224
7853,-1.3863287267758864,-1.31067039412564
7854,-1.070849854816762,-1.2459387828596975
7855,-0.7666327140127965,-0.7336421007900387
7856,-1.1017342898272728,-1.0627008555571709
7857,-0.9200706380282262,-0.8909515041933946
7858,-1.1164185169131258,-1.1640185203755915
7859,-0.9945854743321736,-1.0915225071100572
7860,-1.1605707527131073,-1.2363901539427342
7861,-1.018101232920506,-1.1465218077767756
7862,-0.9858187289201013,-1.0144537885092202
7863,-1.3792575874993966,-1.4926718443375446
7864,-1.1634784680146435,-1.2900716307569167
7865,-0.6643163705056951,-0.6711390549538603
7866,-1.206221027891765,-1.2302270253805005
7867,-0.848293380219807,-0.9797440096246282
7868,-0.9303155841753464,-0.9453625301026998
7869,-0.8300468801527985,-0.9732908443929119
7870,-1.126170922619428,-1.1372227068236715
7871,-1.1588701822961025,-1.194912038641176
7872,-1.0377561094224914,-1.0975345131991603
7873,-0.9470945855443792,-0.9714104004596115
7874,-1.117996614108714,-1.1256653631346896
7875,-0.8687897667420649,-0.9023825911724386
7876,-1.3592802055122315,-1.3530022176117393
7877,-0.9668067065320274,-1.0203870636514452
7878,-1.0637700640878012,-1.153086641867036
7879,-1.020651876926422,-0.9840285282617901
7880,-1.0106486830600472,-1.0260881127740904
7881,-0.8767025988231334,-0.9191164999655644
7882,-1.0091352130091469,-1.1862818713271035
7883,-1.3945436995158824,-1.4193912144397802
7884,-0.691029634115831,-0.67104291604977
7885,-1.093971995420234,-1.1359795551556897
7886,-0.8704139317652976,-0.8866200387903361
7887,-0.9392578509426855,-0.9340423400807591
7888,-1.0246852516203888,-1.0270505529268843
7889,-0.8159411711286205,-0.881858792715909
7890,-1.0838554099548694,-1.0578796947823235
7891,-1.155251003050989,-1.2491713534514868
7892,-0.8517453282378441,-0.9028380552740491
7893,-0.7214938513068265,-0.7805463791948611
7894,-0.6099596944036363,-0.672038691425566
7895,-0.8506183818329213,-0.7421834170481664
7896,-0.7117895673411762,-0.7092668500084378
7897,-0.7522045872932257,-0.8009653758068218
7898,-1.0848454828410186,-1.140895215920264
7899,-1.0557625894398652,-1.1205211161181237
7900,-2.488356393926284,-1.973502333285241
7901,-1.3875410760095876,-1.1354746813249674
7902,-1.1384756537370904,-0.9639193305823421
7903,-1.3745406150817872,-1.2190106335973576
7904,-1.45012759751287,-1.2107169899461538
7905,-0.853678491688514,-0.7614675791314347
7906,-1.280748880639368,-1.0359022749908369
7907,-0.9991516660350238,-0.9627499414635831
7908,-0.6371804253999577,-0.5437847730204245
7909,-0.7236978816397396,-0.3946841624912592
7910,-0.8447403919129145,-0.6912432207866999
7911,-1.141401767730713,-0.8842354317392397
7912,-2.207626479012625,-2.4119916084329334
7913,-0.9377585751141688,-0.8192291401146587
7914,-0.6881490312516689,-0.46388444579251087
7915,-1.5642523335085974,-1.3993791408405998
7916,-0.9526371727387112,-0.8078757487066198
7917,-1.2450046215870585,-1.1411874609229624
7918,-1.207006744954778,-1.101477940664673
7919,-2.4328955574469133,-2.0150930860772966
7920,-1.3821877722556777,-1.1622225771209769
7921,-0.6702379958574162,-0.6113910856064193
7922,-0.8762702258621774,-0.8537662795842493
7923,-1.1307850299879565,-1.0006793699121237
7924,-1.0478578815164492,-0.861860506626757
7925,-0.4548329965088719,-0.45787704469585544
7926,-0.7267485357994257,-0.6555542955985889
7927,-2.374170096024223,-2.015602889988496
7928,-2.098416214897519,-1.5890148161826658
7929,-1.1949210939583954,-1.035398537998595
7930,-0.7174352807924151,-0.6082849119500022
7931,-1.711167882989954,-1.2234828922836574
7932,-1.2038196278735995,-1.1196461583031974
7933,-0.6569006824865937,-0.5666540763140343
7934,-1.1672331991121752,-1.0159276871477434
7935,-0.8649266708728879,-0.7500890912464703
7936,-0.94109753316099,-0.8516697111609438
7937,-1.1395839582117953,-1.1504627829352412
7938,-0.6401316640883918,-0.5999443268288679
7939,-1.4504226825033972,-1.3086435232029963
7940,-0.6567228326430687,-0.6730747400636228
7941,-0.6401693044706832,-0.48499385482075086
7942,-1.0857065685035647,-1.0477647630640454
7943,-1.493404597275017,-1.298765178001152
7944,-1.3323101717978716,-0.9932978716247953
7945,-0.9316530982032418,-0.8214424106174683
7946,-1.24767025484555,-0.8107383993905797
7947,-0.8001684449439825,-0.6372990391466964
7948,-1.1809467801025937,-1.1505913397561318
7949,-0.4350595492035595,-0.3750140963667101
7950,-0.8061380619183183,-0.6209435227706113
7951,-1.4994902998902078,-1.587796813661369
7952,-0.8615416981453119,-0.8165441479551977
7953,-0.8494648489841196,-0.6730409595682851
7954,-1.127099289558828,-0.9939609625360114
7955,-0.6776564972741264,-0.6168599136041218
7956,-1.0323888867400413,-0.7808316771825435
7957,-1.0319861986840415,-0.9148651128342666
7958,-1.0055892672389746,-0.8315154034374418
7959,-0.8042635848124822,-0.8131826012996469
7960,-1.2176826628603676,-1.1741771778102748
7961,-1.0731515558436513,-1.0058722163539997
7962,-1.1724033787846566,-1.061940057738124
7963,-0.9639953980222344,-0.851645020765895
7964,-0.9443743366461532,-0.7575139536654979
7965,-0.5401186688333495,-0.37866030381849364
7966,-0.7727237098900847,-0.6864963688642187
7967,-1.0030894519746765,-0.9445216480951883
7968,-0.7522670917732771,-0.7173959089074701
7969,-0.8614375434180562,-0.6348053438766363
7970,-0.5168285322567773,-0.35970219562166283
7971,-0.5973514854445938,-0.5103909103698105
7972,-0.8345074337355944,-0.6583742652282061
7973,-0.8095385506749153,-0.7044897691157033
7974,-1.1284143397238402,-1.0552398071232374
7975,-2.134683841153195,-1.5353223477778604
7976,-1.4935670915402863,-1.1591566397762443
7977,-0.9533330353479536,-0.8878887273922267
7978,-2.214574011889371,-1.6692898252596848
7979,-0.6622052149339156,-0.5241460205868369
7980,-0.676498527674712,-0.5689639768223826
7981,-0.6462237871894541,-0.6498728346296446
7982,-1.7095734768135602,-1.5981697261179098
7983,-0.5493418931961059,-0.434046226205919
7984,-0.5992194763819376,-0.5213961423413224
7985,-1.0795644493990166,-0.9200314221385226
7986,-3.401064878418332,-2.7446677986524395
7987,-0.977861045859754,-0.7417652733923414
7988,-0.9607484507006268,-0.8437288245096394
7989,-1.0018239994661524,-0.8747810367437773
7990,-1.9243532989336096,-1.7362898961058788
7991,-1.5197562344612614,-1.2153495398181131
7992,-0.7243117213249206,-0.7339952472950968
7993,-0.4467787996051818,-0.33693508675682987
7994,-0.8246472741282264,-0.8647664709537737
7995,-0.7391212694346905,-0.5950999760433426
7996,-1.0498399189276288,-0.9748800122311705
7997,-0.5258103701495385,-0.4927283733414035
7998,-0.8341922108083963,-0.6809360833480192
7999,-0.9960795169652894,-0.8539816217059883
8000,-0.8447234131569086,-0.8153665872348707
8001,-1.0091147803027054,-1.096685670277353
8002,-1.1447679275690124,-1.160803832098407
8003,-1.3042832576027212,-1.2021499285645272
8004,-1.031382638354634,-1.0391594216767268
8005,-0.9556259720824486,-0.9851992920298661
8006,-0.6964467708454576,-0.705423461232815
8007,-1.0545692360678385,-1.167055419616986
8008,-1.3921397194381833,-1.4334780053323857
8009,-1.0827360846275509,-1.1117817478683192
8010,-1.3164771277775136,-1.2887712695883244
8011,-1.826864573981736,-1.7000776052733362
8012,-2.079796007701329,-2.0925302545744326
8013,-1.3832418791583327,-1.4368744659208754
8014,-0.7946162981580395,-0.8591796574253148
8015,-1.1218978567048907,-1.1120210290037433
8016,-1.0805913847546245,-1.075391166545062
8017,-1.1373895009358723,-1.1808785081562552
8018,-1.0302774628927542,-1.0310877849457007
8019,-1.2065825887428698,-1.1532206142017893
8020,-0.9583026281622952,-1.0370793916265422
8021,-1.0160796097082685,-1.0254673909668544
8022,-1.004532352898472,-1.0236262742396665
8023,-1.3160599654959153,-1.295491165575366
8024,-1.2194925860841146,-1.2432161512926154
8025,-0.3782432079315185,-0.37022452320166466
8026,-1.0735500875369524,-1.120029841052576
8027,-1.1839202235835466,-1.18380331703408
8028,-0.9939875889194104,-1.0161245115897335
8029,-1.2598513032114782,-1.272556720587963
8030,-1.3060022278349528,-1.3632909367319976
8031,-1.3253882957059284,-1.2962299578171297
8032,-1.4893992168958796,-1.5178139067397072
8033,-0.8939889752587606,-0.9688096386170407
8034,-1.053728445555813,-1.103993230493289
8035,-1.0371152449023815,-1.108433672542349
8036,-0.9089894394079844,-0.9628003791134018
8037,-1.1397709994353065,-1.1836488393790794
8038,-0.7860337061475414,-0.8714122960148891
8039,-1.0283874883208164,-1.0519011567187886
8040,-0.6552206103618329,-0.6493883074665441
8041,-1.065656908722811,-1.1090952797115177
8042,-1.1916621618492658,-1.334300973090065
8043,-1.3884066463440887,-1.5101409757019193
8044,-0.9942343613898108,-1.120668850757225
8045,-0.9575153644694838,-0.9643340603677217
8046,-1.0282006995884452,-1.084611439617516
8047,-1.3743526704551638,-1.3969214114745219
8048,-1.0676731693652248,-1.0596884885649958
8049,-0.9064440570136372,-0.9549621716484549
8050,-1.1402654888093933,-1.1832590393508637
8051,-1.2785815767539563,-1.3055234982161072
8052,-1.124257581178532,-1.1265866803958948
8053,-1.4767699241638184,-1.4259630221693835
8054,-1.0852644656055657,-1.135701740407526
8055,-0.7819099962249283,-0.7565842141492461
8056,-1.1677627554235532,-1.196070262191443
8057,-1.1134653100671694,-1.1692168789511204
8058,-1.2321083527202754,-1.298218314393346
8059,-1.049068108085514,-1.091097986987443
8060,-1.3559047565903777,-1.3764022314419384
8061,-1.0857825057451116,-1.1833954283724082
8062,-0.9667505395504856,-0.9582880651456942
8063,-1.5217567247937815,-1.5960719732022262
8064,-1.1880679359802833,-1.2228560230144605
8065,-0.6422095686890358,-0.6269487392728412
8066,-1.2275973650836205,-1.2358979900539864
8067,-0.8904840225397155,-0.935958056278532
8068,-1.008892436360204,-1.06791581351779
8069,-0.8644768295362014,-0.994303067118541
8070,-1.0806263500405835,-1.0601733076031734
8071,-1.2622671478478484,-1.340352654421182
8072,-1.1092246854028036,-1.1169994192047596
8073,-0.9776691752810812,-1.0361443931268806
8074,-1.23192583313284,-1.257733945083548
8075,-0.8807848523148393,-0.9405308565339205
8076,-1.4768380610517753,-1.5019236036677892
8077,-0.999108818150306,-1.049430256252553
8078,-1.0976492129555044,-1.1862830100499913
8079,-1.152594333988125,-1.1263405220843417
8080,-1.040848692258199,-1.0569452818971892
8081,-0.9112989643747492,-0.9541852782951628
8082,-1.0903350502945657,-1.126478106311321
8083,-1.3563149326531465,-1.3463539045998438
8084,-0.7207340137013849,-0.6860658612754199
8085,-1.10644684558691,-1.1763352947137702
8086,-0.9570537417433984,-0.9665588242560518
8087,-0.9208696147268132,-0.9128816065692069
8088,-1.0121354225069978,-1.0189783585110423
8089,-0.9079353291858998,-0.9106111836852512
8090,-1.1284783367038698,-1.100790802436126
8091,-1.1539597853209622,-1.245877781228497
8092,-0.8989792424579,-0.904208939116552
8093,-0.7592133348302323,-0.8213639681605386
8094,-0.5849201769768437,-0.5911529948689276
8095,-0.960729909497638,-0.9800907766781064
8096,-0.878187707228254,-0.9900224589884692
8097,-0.8303062888078911,-0.8793029385931538
8098,-1.137343597042468,-1.173240458531753
8099,-1.0361825671306877,-1.1006333035504599
8100,-2.272062483955832,-2.0456710046313376
8101,-1.21150266200073,-1.05185796319007
8102,-1.0183812749478245,-0.9358678907270523
8103,-1.2888466676076251,-1.215327461196902
8104,-1.5236244119446851,-1.141128735152239
8105,-0.8187359469805577,-0.7343625279098104
8106,-1.2706246619321862,-1.0971011818437992
8107,-0.9776614359182904,-0.9464356426316137
8108,-0.6426610345988311,-0.6234142120615419
8109,-0.6754460997051663,-0.5327182788940862
8110,-0.8466689064389183,-0.7922172530122407
8111,-1.1042953372001647,-0.8571515033004321
8112,-2.0803535410336087,-2.093254408160847
8113,-0.8018491887306982,-0.6979143995230594
8114,-0.6994500160217285,-0.6351509970432161
8115,-1.5477550625801086,-1.4436140788021503
8116,-0.90659372707208,-0.8287486627509582
8117,-1.18843913355539,-1.1635919392170957
8118,-1.0861080240929264,-1.0240853442488813
8119,-2.1591162627393548,-1.7543181708401923
8120,-1.2549313375583062,-1.1616254926752931
8121,-0.6351264317830404,-0.6085291029220173
8122,-0.7601585141042384,-0.6790369614170512
8123,-1.055571540381557,-0.9345260345662302
8124,-0.8440870342328567,-0.7380159240145944
8125,-0.4512859592142031,-0.44447679170745785
8126,-0.6653547194577003,-0.5937679013738851
8127,-1.9643822182779729,-1.6598097953010214
8128,-2.062227351324899,-1.7578724948457007
8129,-1.1645658523948104,-1.1399056518589425
8130,-0.6534309964627028,-0.6147963597164681
8131,-1.5834721547585946,-1.4687566587130736
8132,-1.1311746649444103,-1.0759317570146816
8133,-0.5980544025078416,-0.5608395064024283
8134,-1.0186675269474357,-0.9329122890003462
8135,-0.83837502594142,-0.7819918106035105
8136,-0.9013534567572854,-0.8145344969141154
8137,-1.09086111072422,-1.0349296539510269
8138,-0.6246586587485365,-0.5856644004664683
8139,-1.3986625089201816,-1.3533963818467984
8140,-0.6545923407261188,-0.6482732223413638
8141,-0.5541194233783456,-0.49596136185085965
8142,-1.049834879793862,-0.9565143477332543
8143,-1.3615927252658575,-1.2800982979044226
8144,-1.181992957368493,-1.0295465379860855
8145,-0.9157798113301396,-0.8104001066830896
8146,-1.1886676480804663,-0.9257659404580526
8147,-0.6663319463877715,-0.5675395064119346
8148,-1.1481482642037528,-1.1969542804349853
8149,-0.4429065309353728,-0.38724602646019984
8150,-0.7815519394353032,-0.6655828934957311
8151,-1.3841248593589133,-1.4014297582052782
8152,-0.8416726376659186,-0.8255041868389297
8153,-0.7899452281552691,-0.6256242241202933
8154,-1.0664382856339216,-1.0074843957998403
8155,-0.6674776834154886,-0.6218698019574466
8156,-1.079482030498889,-0.971576502235258
8157,-0.9851619883101116,-0.9334653484153037
8158,-0.9658370288088918,-0.9050018859954584
8159,-0.8083714683850606,-0.7996093110285298
8160,-1.119651663210965,-1.0813467239891907
8161,-0.979873051866889,-0.9447126972284501
8162,-1.102900357544422,-0.9894652555456365
8163,-0.8937472989782691,-0.8621332192852899
8164,-0.8406729863240169,-0.8142877959226296
8165,-0.4808514067250439,-0.3789687224947232
8166,-0.7090625032898068,-0.6921449887755783
8167,-0.9728516672932824,-0.9236806835768941
8168,-0.7273354437924171,-0.710693292652707
8169,-0.7631996971692225,-0.6582010648314285
8170,-0.5137178500493368,-0.44178613166489084
8171,-0.5711839393127797,-0.5253563389124977
8172,-0.8064236117869007,-0.7698797983007593
8173,-0.7793353907763958,-0.7682065176086814
8174,-1.0656841729594544,-1.1107272128828585
8175,-2.060772550733466,-1.6437022208239709
8176,-1.2816385921679043,-1.195486039817677
8177,-0.8775912466503325,-0.7952734453932717
8178,-2.030528194976576,-1.643053828167724
8179,-0.6583079446445812,-0.5570358450347336
8180,-0.6593223006226295,-0.6597247315362313
8181,-0.6474566690681517,-0.6369940775555845
8182,-1.6031896273295083,-1.4780869509276198
8183,-0.5129407384178856,-0.41813399579291977
8184,-0.5475287199020386,-0.48459479270048217
8185,-1.046238852101703,-1.0446825809858895
8186,-2.857178636959621,-2.469338206431951
8187,-0.9557080622762442,-0.8688903055453358
8188,-0.906697063483009,-0.8342448532435044
8189,-0.9494522842792196,-0.8914388862593214
8190,-1.8321352005004885,-1.629815373386537
8191,-1.313035209332743,-1.1954914616912948
8192,-0.6675676882266999,-0.6482876035962118
8193,-0.4199990878893634,-0.379956263541136
8194,-0.852385537568913,-0.8969017236895606
8195,-0.6826998023316264,-0.5779920568417962
8196,-1.0617795785268147,-1.033360794080283
8197,-0.4720127055811327,-0.4260013170301125
8198,-0.8035073569044471,-0.7362919911762638
8199,-0.832568742508112,-0.8326283280412992
8200,-0.8671181700950445,-0.8923183223689988
8201,-1.0008206018086137,-1.0482683339338381
8202,-1.1774170620496882,-1.1800518861420688
8203,-1.2551393545875251,-1.23493391352417
8204,-1.014440373856892,-1.057467902353583
8205,-0.9453785881515622,-0.9859722630922333
8206,-0.7008643778719643,-0.7413972554589054
8207,-1.0274380057357078,-1.09068422539293
8208,-1.4044995751491811,-1.430708169013047
8209,-1.136645468630532,-1.18982046488338
8210,-1.375791081162386,-1.3743864821525196
8211,-1.863839137685168,-1.8027827080352692
8212,-2.218034488814218,-2.31613137040821
8213,-1.3761836485784562,-1.4238103084225622
8214,-0.7919815861901571,-0.8441611010899057
8215,-1.1269373372197151,-1.1433598812048893
8216,-1.0935382076012072,-1.085129976888651
8217,-1.1049437476683033,-1.1453232595779
8218,-1.052524014960888,-1.117457481009719
8219,-1.2173867706180543,-1.196795291986886
8220,-0.937743995540826,-1.022187612469531
8221,-1.061234252397404,-1.095736974585604
8222,-0.9833286455435346,-1.0137557715408674
8223,-1.3050471119178355,-1.3202270506580387
8224,-1.2378314151320349,-1.24499564146196
8225,-0.3735326793458726,-0.3716950073541072
8226,-1.055858625922092,-1.0197818374757
8227,-1.1681580210840978,-1.1909093484089965
8228,-1.0085484593413596,-1.0131809089227006
8229,-1.2331300280814947,-1.2532188263974828
8230,-1.278965442679649,-1.326075520318313
8231,-1.2978055902229724,-1.295320906688415
8232,-1.488766387451527,-1.4992236940127597
8233,-0.8872670304867648,-0.9573700270911771
8234,-1.051754999530408,-1.0961215086377747
8235,-1.011616394501324,-1.0462740317795702
8236,-0.9159083197514216,-0.99765790998939
8237,-1.096153691757557,-1.1189681390151405
8238,-0.8064171824344369,-0.8724695527276314
8239,-1.0679961452188418,-1.077532449433957
8240,-0.6579744476538438,-0.6620428565221037
8241,-1.1038073292074275,-1.1549493345487611
8242,-1.188719255055568,-1.2092658903555873
8243,-1.4005985648133037,-1.4485061713891583
8244,-0.9998224289842356,-1.1218368018320897
8245,-0.9454438390657884,-0.9912118733083497
8246,-1.0193885151795514,-1.0720644791921086
8247,-1.330987205801084,-1.3475917593145545
8248,-1.0764641336692395,-1.0739576819639232
8249,-0.9051178582879,-0.9843416907066737
8250,-1.1525647335274274,-1.1367815699072181
8251,-1.2882008284561397,-1.3283259101616642
8252,-1.1469839912976405,-1.1579387354296469
8253,-1.449970467146053,-1.4008846840501037
8254,-1.0600188009498654,-1.1313234154876468
8255,-0.7966628971025925,-0.8017508552364175
8256,-1.1830047507618748,-1.1719048060187942
8257,-1.097794542941012,-1.1046726300118879
8258,-1.2262988949930944,-1.2952612573786642
8259,-1.039954023767811,-1.094407446316685
8260,-1.3740689320157664,-1.3916945497503048
8261,-1.1142664491668228,-1.17680596288785
8262,-0.9432825912800872,-0.9495230574324465
8263,-1.5043758015299953,-1.5660068588355647
8264,-1.1769667093570415,-1.225574093904269
8265,-0.6709193749021191,-0.6730559251105219
8266,-1.2143817687219427,-1.2567194577027474
8267,-0.8621269242708073,-0.9227472485190216
8268,-1.0422112969465034,-1.0417357526084148
8269,-0.8616959752962571,-0.915336554980736
8270,-1.084425036297288,-1.1313105079246935
8271,-1.2396360293839328,-1.2803863320855977
8272,-1.1698208871737932,-1.1967829770820164
8273,-0.981857416241668,-1.0456404722938393
8274,-1.206825855166413,-1.2387913905989207
8275,-0.8960693325616617,-0.9213313469141444
8276,-1.5005291062732076,-1.5206181790477677
8277,-0.998403923456059,-1.0608439217550403
8278,-1.1164280499598778,-1.1743513130094514
8279,-1.1650517875865354,-1.1720336136844893
8280,-1.0692573896674222,-1.0544217778730676
8281,-0.9158732632333918,-0.9303223938905045
8282,-1.1196205523587013,-1.192606857580764
8283,-1.3958937567333842,-1.3928281207417248
8284,-0.7156772456079159,-0.7249210499367748
8285,-1.119174794633259,-1.1546335861048271
8286,-0.9290469773980076,-0.905096327611647
8287,-0.9532265247300614,-0.9217906931573832
8288,-1.03997858735018,-1.0569385065280752
8289,-0.9137358979661336,-0.9270006963448929
8290,-1.1218781129334323,-1.096465239229134
8291,-1.1460999703222468,-1.19007055180326
8292,-0.9473047090131184,-0.9404577682184548
8293,-0.762653628985087,-0.8258751067080348
8294,-0.6228879131848299,-0.640077840426797
8295,-0.9480160095894984,-0.9408985844570106
8296,-0.8967315956603649,-0.8774958319134052
8297,-0.8586958748425624,-0.8729152165026047
8298,-1.1497062703435734,-1.207975232015928
8299,-1.0406848016635393,-1.0678715598059672
8300,-2.377503289895899,-2.1463272174198846
8301,-1.2008409703424734,-1.1006651771776745
8302,-1.0284315726553748,-0.9486149490957256
8303,-1.3483703825208877,-1.1762698217673633
8304,-1.4814315458823897,-1.2233482928111457
8305,-0.8170916636784872,-0.7604658791568984
8306,-1.3076665279816608,-1.1387371084316784
8307,-0.9943444488584532,-0.9678386988873802
8308,-0.6293137692665869,-0.595884260589112
8309,-0.6866083616091881,-0.5098001324099513
8310,-0.8572112548918951,-0.7583454994927897
8311,-1.158310023943583,-0.9114290754000126
8312,-2.218483260699681,-2.315323165484853
8313,-0.7955033243164535,-0.7120355814309912
8314,-0.673879056237638,-0.5972625371068069
8315,-1.5097849667072296,-1.5073849216655106
8316,-0.9267547945181528,-0.8615520844856548
8317,-1.1845901557641436,-1.143393037239055
8318,-1.1309608673227245,-1.0013367878522415
8319,-2.1333343224091963,-1.8860782619677847
8320,-1.2669660449028015,-1.0154024492470615
8321,-0.6232346989387689,-0.5284162633486231
8322,-0.7692827742274214,-0.6857527106757595
8323,-1.0388002072193825,-0.9426505858275247
8324,-0.7762132263922876,-0.7290117032151695
8325,-0.4462814737660016,-0.44699239484407494
8326,-0.6529754871545836,-0.6060503262265764
8327,-2.058274429777394,-1.7786817982576089
8328,-2.0894300086157664,-1.6473001184916454
8329,-1.0895041249416493,-1.073223196429975
8330,-0.6363261807709932,-0.5586938165748806
8331,-1.5050246141575,-1.3329965744488843
8332,-1.1375967478379607,-1.0844308066491968
8333,-0.6172943497076631,-0.5566139894847735
8334,-1.0176585718642834,-0.9218922536193903
8335,-0.8833040858423987,-0.8359846030710414
8336,-0.9318720562891528,-0.8835058469663686
8337,-1.0540753113206969,-1.0103474069935183
8338,-0.5964214595284049,-0.5737023225293576
8339,-1.373484774153362,-1.299480354447041
8340,-0.6559601921301622,-0.6594067350412115
8341,-0.5390877926996512,-0.4470831731800739
8342,-1.020096320514531,-0.9639600567731079
8343,-1.3470729238303132,-1.277414782410732
8344,-1.2273950409144163,-1.0755686291182294
8345,-0.9064191682264208,-0.8198810390506848
8346,-1.2743654389312302,-0.9718757839017569
8347,-0.6896730827730756,-0.569904460463345
8348,-1.1606457148279463,-1.1469209222566397
8349,-0.4112391062636873,-0.4042937423459263
8350,-0.8027474721893668,-0.6941531517852787
8351,-1.4021740643553031,-1.4044597860454613
8352,-0.8365835949432018,-0.8154368557671002
8353,-0.747667907744415,-0.6482128554844087
8354,-1.0845682602375746,-1.0325440919647355
8355,-0.6823748633975074,-0.6465901262545799
8356,-1.0859620996223864,-0.9664335444915372
8357,-0.9886725734370624,-0.8995213385391945
8358,-0.9560995865613222,-0.8779306467622048
8359,-0.8149003952741622,-0.8028767029444436
8360,-1.1096271156340607,-1.0851142317133444
8361,-1.000784450210631,-0.9024173167223191
8362,-1.1228234007954598,-1.03785530130066
8363,-0.906788244843483,-0.828772926082184
8364,-0.8151587963104248,-0.7754726825615678
8365,-0.500330663134909,-0.4032473791698191
8366,-0.7119553837665292,-0.6960127353668024
8367,-0.9338895627694536,-0.7908917295839506
8368,-0.7403964284778566,-0.7213348455207262
8369,-0.7852869153946869,-0.6531049533715397
8370,-0.5153439877525209,-0.4426608356848792
8371,-0.5447171926498413,-0.4825479630043613
8372,-0.8318770199405904,-0.6844164883197699
8373,-0.7601785929873586,-0.7211669345075593
8374,-1.0749747573801902,-1.0512962411638433
8375,-2.121886805484169,-1.709139995407532
8376,-1.3222862030330458,-1.2439064795510348
8377,-0.934090430774386,-0.7362273754896178
8378,-2.0474119367021504,-1.742247558603284
8379,-0.6724954561753707,-0.5208709167711412
8380,-0.6403634696043738,-0.5539706480286961
8381,-0.6683485840642175,-0.6503980871318835
8382,-1.6140802923099016,-1.4691411121254223
8383,-0.4665048469196666,-0.4754745244979631
8384,-0.5472674655914307,-0.5184054454167729
8385,-1.0024257390074027,-0.9130259123882605
8386,-2.8487477699915567,-2.47955727198758
8387,-0.9320123083889484,-0.8031192592654894
8388,-0.8861388180607049,-0.8482769730786855
8389,-0.9498943943496144,-0.8784987262993684
8390,-1.7264875225398852,-1.6436686809511722
8391,-1.314313942386258,-1.232772784848301
8392,-0.692265123128891,-0.7092930873235042
8393,-0.416652171630559,-0.3756926369479018
8394,-0.8650222157323083,-0.8896862129832273
8395,-0.6891996329650283,-0.6137258146578612
8396,-1.0500783578369968,-1.03441380099113
8397,-0.4882055280744567,-0.43464072884205446
8398,-0.8090515099465847,-0.754785989100689
8399,-0.8124488666076068,-0.7823262578140774
8400,-0.8192443348640619,-0.8910160520588215
8401,-0.9879964610625958,-1.0585979706254653
8402,-1.137964169184367,-1.1852762640600643
8403,-1.2219318012858549,-1.2508735114598044
8404,-1.05986660765123,-1.0744851134544293
8405,-0.9095665327338284,-0.9922114395048087
8406,-0.6815698008204616,-0.7539946401458274
8407,-0.962874687919321,-1.092200874358218
8408,-1.3604554852773978,-1.4310378347564583
8409,-1.095626296923142,-1.2079836592193902
8410,-1.3283081729282704,-1.3892358680104049
8411,-1.83567700281248,-1.7957204309575165
8412,-2.305646538734436,-2.3705634559903803
8413,-1.3232421034672222,-1.4404038102900492
8414,-0.7661581556926402,-0.8490910043396201
8415,-1.15765202883631,-1.1466580210253845
8416,-1.060686068017353,-1.0926513049645603
8417,-1.1334009614101677,-1.1498954761244031
8418,-1.0566670931586923,-1.1296249477130265
8419,-1.206391039744828,-1.1962382041822743
8420,-0.922128447266512,-1.051560954530133
8421,-1.0033221956371337,-1.1084779614934208
8422,-0.9700263655462932,-1.031162438466573
8423,-1.2824483426042306,-1.3213526318547666
8424,-1.1847466794095298,-1.2511437074774727
8425,-0.3458406273116413,-0.3779310120476609
8426,-0.9863393343696298,-1.0111436295570972
8427,-1.1815998378650163,-1.197381465934041
8428,-1.0019077838853347,-1.0285881261800942
8429,-1.2570645892342855,-1.2862428383618019
8430,-1.271510504936987,-1.333299409511488
8431,-1.26564397922782,-1.3088536715322947
8432,-1.4487318475117057,-1.5047116944956178
8433,-0.8647794529449108,-0.9670780940265531
8434,-1.0403268180152243,-1.1058504159444524
8435,-0.9880183168159898,-1.0493102443310707
8436,-0.8990579267342885,-1.0163797464635906
8437,-1.0776237360266752,-1.1273047671453778
8438,-0.7995037570480228,-0.872279847931183
8439,-1.025691220002581,-1.0635224069427682
8440,-0.6627139357420114,-0.668031469675217
8441,-1.0434794278107873,-1.1733290391375149
8442,-1.1262863569481427,-1.1988608587620115
8443,-1.3672486894814544,-1.4453449049045413
8444,-0.96873471441195,-1.1269635032930323
8445,-0.985785210779471,-1.0076338354623484
8446,-1.013019169409444,-1.0900263457786428
8447,-1.3049343805904536,-1.3451894875953054
8448,-1.0246350589648698,-1.0830186479159432
8449,-0.9170199189075204,-1.003682740282966
8450,-1.1131473955257918,-1.1393973580934607
8451,-1.2500208255856535,-1.3457712498746446
8452,-1.1050917131956233,-1.1624454506300055
8453,-1.403841866079227,-1.3920863176809033
8454,-1.0137624906939129,-1.11711501828771
8455,-0.7562622802202091,-0.8110889584519303
8456,-1.136747066364732,-1.170741064295899
8457,-1.061196951903114,-1.1032516820794307
8458,-1.1936247394990551,-1.318180961202308
8459,-1.0273646781610888,-1.100406166194966
8460,-1.3332294909528983,-1.392932147326712
8461,-1.0869762537091276,-1.1872096052465526
8462,-0.9410060986067896,-0.9474979826954304
8463,-1.5084960867268171,-1.574303211783891
8464,-1.1853414058685303,-1.2150862024380826
8465,-0.652104378670685,-0.6907063266719675
8466,-1.2088668558948723,-1.2737939286909734
8467,-0.8588432683501133,-0.9250051269851909
8468,-0.9674930877463762,-1.0433089181742203
8469,-0.8462885849235594,-0.9355445810682907
8470,-1.0993080638175787,-1.139156385293628
8471,-1.2375214755997177,-1.278353154197236
8472,-1.1141479791596878,-1.2025623460148718
8473,-0.954936520997868,-1.0566668479633692
8474,-1.1843394262846123,-1.2433757415421764
8475,-0.9003735263790704,-0.9221515131559501
8476,-1.4640771529471228,-1.533130189553105
8477,-0.9726813199908234,-1.081704525060446
8478,-1.1691293383753576,-1.1644165611390505
8479,-1.1289429715124226,-1.177108094517121
8480,-1.0084072314491568,-1.054391003394303
8481,-0.9153637017390523,-0.9405238616066097
8482,-1.1287808501443195,-1.2012385360954636
8483,-1.3861593146656834,-1.385626380141693
8484,-0.7306600854081927,-0.7356014769032405
8485,-1.1003965536753335,-1.1528669121345436
8486,-0.8654566402583159,-0.9146175979027777
8487,-0.8647297214167987,-0.9130571680167371
8488,-1.0439805004947869,-1.0588740270575137
8489,-0.8577261821244114,-0.9270424812031037
8490,-1.1053161852119504,-1.0848740838294901
8491,-1.1275375111158503,-1.1858653714182532
8492,-0.9554055550301722,-0.9311963714062357
8493,-0.7180975740270097,-0.8309594734694699
8494,-0.6663252130339418,-0.6389341288980998
8495,-0.8393162470455318,-0.9301334859788791
8496,-0.7935270135716874,-0.8640475273132237
8497,-0.8187365901562594,-0.8658423084929374
8498,-1.149301199949989,-1.216042607637672
8499,-1.0051354308461034,-1.0705432152563388
8500,-2.052794211051044,-2.1508506513108805
8501,-1.0606063595113828,-1.05153619318968
8502,-0.9887192563493122,-0.9376046934792724
8503,-1.213257090250651,-1.120636411066336
8504,-1.410798742853362,-1.282511626166822
8505,-0.8036969724551651,-0.7651738673833415
8506,-1.1721221719469344,-1.135475996400197
8507,-0.9305949349736058,-0.9413220971745679
8508,-0.6435974854831548,-0.5871744125080042
8509,-0.5744915508929594,-0.5005336695737084
8510,-0.7464392934526716,-0.765442299842795
8511,-0.9919085065523784,-0.9280077563391518
8512,-2.307072026388986,-2.3707536572501757
8513,-0.7417100409204646,-0.6916026603959606
8514,-0.6038874322548509,-0.5885914098470784
8515,-1.427113264799118,-1.5270598729451095
8516,-0.8727131664752961,-0.8537197983926872
8517,-1.087758983752524,-1.120226813841204
8518,-0.9855647689994724,-1.0018284019382024
8519,-1.828419083898717,-1.8070030934882377
8520,-1.1939116441286528,-0.9808951318263087
8521,-0.5579792048579962,-0.4899686645783362
8522,-0.6993318069271925,-0.6551385211750382
8523,-1.035656723865243,-0.9160131323860612
8524,-0.7297112276387769,-0.7235906087150461
8525,-0.4225533627724462,-0.45131759064449994
8526,-0.5709722513376281,-0.5860827643741746
8527,-1.7472256473872974,-1.7317217933958202
8528,-1.719385680698213,-1.6362066987959918
8529,-1.0444586254932262,-1.0744337388026899
8530,-0.5980834113433957,-0.5372629417106272
8531,-1.492507674075939,-1.3627329652691307
8532,-1.0925549389794469,-1.0604584384709361
8533,-0.6041041491553187,-0.5512671625862202
8534,-0.9610621088234952,-0.8933178965743025
8535,-0.8416611020879228,-0.8138052853502558
8536,-0.9010861163789576,-0.8863813542958171
8537,-0.9869285618612008,-1.008840981379938
8538,-0.5689615959257591,-0.5684208675945108
8539,-1.3367475640866184,-1.2929947286920878
8540,-0.6574752339949974,-0.6655632605919539
8541,-0.5100662976272347,-0.42720759315388257
8542,-0.9955121537511664,-0.9478803392528257
8543,-1.2923908455427302,-1.2672255399615096
8544,-1.0940272966399789,-1.028134527926585
8545,-0.7983913728967309,-0.8102681565408603
8546,-1.0357893947241965,-0.9395777084976231
8547,-0.580892702405767,-0.5358918575660865
8548,-1.2036890813282557,-1.1948097816535133
8549,-0.4002327705497172,-0.39288553254520975
8550,-0.7601971561089158,-0.6872295420616334
8551,-1.3452952407127203,-1.3933437187850382
8552,-0.7806650427884834,-0.7941268143419591
8553,-0.6456540065218311,-0.6253275800428693
8554,-1.0636026971042156,-1.0222992946704004
8555,-0.6318189492301335,-0.6647592625290026
8556,-1.000347802805346,-0.9572894788834982
8557,-0.8941908215367517,-0.8848255235095128
8558,-0.90109683573246,-0.8368483188872198
8559,-0.8009356508652369,-0.809769898984171
8560,-1.0783885994622873,-1.067475926968462
8561,-0.9388044150546192,-0.879352570511354
8562,-0.9802863821387292,-1.025343306362608
8563,-0.8791075460612774,-0.8151965470363443
8564,-0.8091802358627319,-0.7046974542813031
8565,-0.4520328309800889,-0.40615066741603817
8566,-0.6679845577062562,-0.6907933577702472
8567,-0.7837033964866815,-0.7778085038950697
8568,-0.7433100421299306,-0.7103902683701631
8569,-0.7219321838645048,-0.616666132781515
8570,-0.4526240040385534,-0.4311458998255862
8571,-0.4663815193398054,-0.4661104318707198
8572,-0.6826499591068346,-0.6691857057363175
8573,-0.761562560684979,-0.7177798378591455
8574,-1.0384868573298496,-1.0412408264688948
8575,-1.8459614013370715,-1.668828430928587
8576,-1.2637809100903965,-1.2549120401080787
8577,-0.7917683597594972,-0.7202498212692519
8578,-1.86287678010536,-1.651772083658091
8579,-0.608909028226679,-0.5255510120680571
8580,-0.5384966661763746,-0.518326632736227
8581,-0.6501347685969153,-0.6647768279378671
8582,-1.4888222411621448,-1.4220972960616822
8583,-0.5675349343906749,-0.4731618917349393
8584,-0.5607322931289673,-0.5291067997614554
8585,-0.9303565200909164,-0.8689191162739471
8586,-2.463134379613967,-2.380462727849385
8587,-0.829803372733295,-0.7826059885943271
8588,-0.8466781812120777,-0.8242435292063746
8589,-0.8527402320039381,-0.8682549542972011
8590,-1.6543784815332163,-1.6085449422614846
8591,-1.2993824731919073,-1.2061550021170995
8592,-0.7197169035673141,-0.7171611587206472
8593,-0.3817332814058919,-0.36017534457477024
8594,-0.8984187536461409,-0.8927897464397181
8595,-0.664394773542881,-0.5985346715896915
8596,-1.0011618007985197,-1.0294504781717742
8597,-0.4460945101671441,-0.4222953504370025
8598,-0.7385154599323869,-0.7489453504482468
8599,-0.7750678847926532,-0.7584517137640507
8600,-0.8422178011531978,-0.850379559046535
8601,-1.1202732745943398,-1.1319119099827573
8602,-1.1513137346090272,-1.1808003833401044
8603,-1.2296544137851213,-1.1930358314202714
8604,-0.9863589743311092,-1.0342731245936179
8605,-0.9679536754770796,-0.9642230035743697
8606,-0.7231913028761398,-0.7049280691244532
8607,-1.0312667549118515,-0.9945859735797714
8608,-1.3821968034256336,-1.4033409094227751
8609,-1.1066216017848762,-1.142011833281961
8610,-1.154423862464668,-1.1697069061979082
8611,-1.0197002678127078,-1.0731727945700869
8612,-1.955647349357605,-2.3933947884308444
8613,-1.3847897091849906,-1.442908716101831
8614,-0.8032519262890483,-0.8208156091205235
8615,-1.103069399483502,-1.118146940051972
8616,-1.0873574083165605,-1.0930811097497122
8617,-1.074766383614651,-1.0853225394855648
8618,-0.9970652299333912,-1.0160747884021857
8619,-1.1662626358889794,-1.1453404946355876
8620,-0.9827456326447715,-1.0027675611926241
8621,-0.9408328209736552,-0.9318152498824738
8622,-0.8601514757141586,-0.8420524605948407
8623,-1.1494787691175476,-1.2278035657428523
8624,-1.0169222807699396,-0.9258638928582055
8625,-0.3650222874095297,-0.38170675613482175
8626,-1.0519963992658512,-0.9490041543173169
8627,-1.0774315466252409,-1.0985512747219859
8628,-0.9778548682382864,-0.9886963301035934
8629,-1.2674341284951498,-1.2308321085419767
8630,-1.3056771246961845,-1.3328466472618048
8631,-1.2268437100935352,-1.2028479928019378
8632,-1.4400638092395872,-1.4385518774947506
8633,-0.8250670904336974,-0.8169936082592735
8634,-1.1069532466489216,-1.0676629893806466
8635,-1.0199611990950828,-0.9912590590348109
8636,-0.9132100055615108,-0.9502882539421009
8637,-1.2004784114601077,-1.1846779369815135
8638,-0.8506631305975507,-0.918042273784153
8639,-0.9949020979016326,-0.977577126519078
8640,-0.6578284391990075,-0.6749662856945152
8641,-1.0564894759377768,-1.015223513829893
8642,-1.1385258519372274,-1.1010531943233524
8643,-1.357139222381651,-1.284325056328754
8644,-0.98282911056696,-1.035624966828914
8645,-0.9244620097700016,-0.9253020971508129
8646,-0.8419882866341298,-0.8236826414098593
8647,-1.29131169374599,-1.2978591444295045
8648,-1.0148668566415475,-1.0026480397265207
8649,-0.8642091963642328,-0.9168996748547503
8650,-1.0927473288173823,-1.0529747029518464
8651,-1.228861877160479,-1.2648432901179254
8652,-1.1332096314245417,-1.1892809402239766
8653,-1.4271409539289253,-1.3173323942874493
8654,-1.1274174488792124,-1.239569415329539
8655,-0.7789532260377278,-0.734967378751111
8656,-1.1060173132622888,-1.0704074371329717
8657,-0.9716926656028096,-0.9070307671263496
8658,-1.151568472847458,-1.171772832617114
8659,-1.0455907758816267,-1.0914980066781572
8660,-1.2299251029657765,-1.2444801762928694
8661,-1.1095133640969446,-1.1486529948020485
8662,-0.9672168114388636,-1.0112084226085045
8663,-1.4812723823296008,-1.4986469518159873
8664,-1.2052192192811233,-1.2861878945697869
8665,-0.6403837231702583,-0.668585436751548
8666,-1.2344750701919085,-1.2305545696592923
8667,-0.9531803593155026,-0.9772143290127535
8668,-0.9678982791974564,-0.9524443420150226
8669,-0.9322283406590306,-0.9745058411882886
8670,-1.079211856967719,-1.132770154824798
8671,-1.1770203307617542,-1.203316491673788
8672,-1.013007494830346,-1.0986586675624561
8673,-0.9427678437196008,-0.975150893261542
8674,-1.1459548584250516,-1.13329662658545
8675,-0.8986519469624072,-0.9045870767228729
8676,-1.3630473207133684,-1.3616070128171427
8677,-0.9922307193741318,-1.0220652564973562
8678,-1.1937344360721205,-1.1550052611437207
8679,-1.0069117980488276,-0.9922512893819717
8680,-1.0303138531455698,-1.0278713443168233
8681,-0.9126014774159869,-0.9211430722371089
8682,-1.0722858388294545,-1.18282596705296
8683,-1.3662385182787282,-1.415170846825349
8684,-0.6926665778430003,-0.6719105502926523
8685,-1.1133553427319194,-1.138311857431331
8686,-0.9438702200734338,-0.8912396702533686
8687,-0.940200315889462,-0.9328197770521002
8688,-1.0088333436685015,-1.0265840461905873
8689,-0.9025815956352292,-0.8835200781341718
8690,-1.0797790843386983,-1.0603592881124368
8691,-1.1871754577917646,-1.2489817017839346
8692,-0.852123733638793,-0.9029170837265622
8693,-0.7666137541911399,-0.7829052224036147
8694,-0.6201923723462262,-0.6673646082264401
8695,-0.8447113120278646,-0.7559306608507016
8696,-0.8419983091280442,-0.725490763723589
8697,-0.7663746305214342,-0.8054922120848853
8698,-1.1252319572507874,-1.1427640264481047
8699,-1.1121121072029885,-1.1193723622592717
8700,-2.2635440195308014,-1.9776717606986691
8701,-1.2771750725516977,-1.1306428368484465
8702,-1.0195788579393728,-0.9622981320119314
8703,-1.2747892803615994,-1.2187985636603644
8704,-1.2622744009412568,-1.2066951375179606
8705,-0.8045738713685856,-0.7599010979787559
8706,-1.2285171868849774,-1.0394381796779786
8707,-1.0284179060958152,-0.9618074480769725
8708,-0.6196919744328935,-0.5483861478118607
8709,-0.6775617349294969,-0.40266032145773906
8710,-0.8239345255352202,-0.6970780422308991
8711,-0.9382099827130636,-0.8826698636046871
8712,-1.955647349357605,-2.3935726122569183
8713,-0.8889089074245718,-0.8122192821684527
8714,-0.6561039928346872,-0.47378082534977434
8715,-1.4190346466170416,-1.4019345741413747
8716,-0.904062565167745,-0.8090815681150566
8717,-1.2128279181413872,-1.142482392028652
8718,-1.2247178349001655,-1.0970066748883862
8719,-2.223552384159781,-2.0000239148817647
8720,-1.4214631502444928,-1.1621890091378835
8721,-0.743186681769615,-0.6112267238561162
8722,-0.883691297798622,-0.8436703200336558
8723,-1.04416385177494,-0.996857034511089
8724,-0.9086514406426008,-0.8547043657118503
8725,-0.4453744980715966,-0.4571026958823035
8726,-0.6755111411560414,-0.6519840405856362
8727,-2.2118004249489824,-1.995043632998118
8728,-1.907406227929252,-1.5987722381424072
8729,-1.1479202575153775,-1.0414375881296642
8730,-0.6787973744794726,-0.608661569017939
8731,-1.455586278880084,-1.2376555377193006
8732,-1.1667006742209196,-1.1171202328549679
8733,-0.6454664329066873,-0.5663179989811736
8734,-1.084533878999163,-1.0111309400987696
8735,-0.8128783074460288,-0.7519323138508556
8736,-0.8619384128939022,-0.849523541213816
8737,-1.1614566459212192,-1.1437874988357966
8738,-0.646509295373451,-0.5991193291009377
8739,-1.5053164857302526,-1.3112299179892821
8740,-0.6540658519818232,-0.6716415633099291
8741,-0.6552961879922438,-0.4856280580781892
8742,-0.9856165213178296,-1.04249202887242
8743,-1.445007598677347,-1.2976865024849786
8744,-1.1792661044746635,-0.9953920559451708
8745,-0.924182316288352,-0.8208042209429703
8746,-1.0525376001993816,-0.8173842470885148
8747,-0.723008488499841,-0.6332685077552711
8748,-1.195050984621048,-1.1532704132752194
8749,-0.4031967636364609,-0.3757206279054741
8750,-0.7158361738547683,-0.6235224310224049
8751,-1.536670441775359,-1.5770285750899655
8752,-0.8732005912204122,-0.8170620621792167
8753,-0.7554954438246497,-0.6703010266906646
8754,-1.0296718506142497,-0.9947421834560906
8755,-0.6384616711783031,-0.6171490410760696
8756,-0.9649944323901982,-0.7918533638259538
8757,-0.9970257642657258,-0.9159400717601776
8758,-0.9839242901653052,-0.8357617297008646
8759,-0.7880324890216192,-0.8123982845769401
8760,-1.2542788270832033,-1.1688131492471452
8761,-1.0294240191578865,-1.0023387551748213
8762,-1.061290621757507,-1.0577517304837987
8763,-0.9493456138297915,-0.8522514647281247
8764,-0.9071597062624418,-0.7607951480922505
8765,-0.4452569433766553,-0.3786779162754895
8766,-0.7462468211965043,-0.686822897799169
8767,-1.0911231604657432,-0.9433188833937579
8768,-0.7481101677399273,-0.7170085137758345
8769,-0.8025535077087639,-0.6361571444120563
8770,-0.5236544041406541,-0.36444526026684276
8771,-0.6137652480325033,-0.5112560584880601
8772,-0.8430031355546446,-0.6648184368872632
8773,-0.802493778988719,-0.7081717158627885
8774,-1.0782470333892686,-1.0584463698248237
8775,-1.8756005638524105,-1.5415844475353366
8776,-1.3156834263550607,-1.1612554656687168
8777,-0.977433163022238,-0.8825379803800429
8778,-2.107076980850913,-1.6677726683458631
8779,-0.5990121061151678,-0.5260466744617269
8780,-0.741683655931044,-0.5742092829011312
8781,-0.6293803629025009,-0.6491286108863585
8782,-1.61133765435034,-1.5912313932724524
8783,-0.463612588969144,-0.43312609525602125
8784,-0.5406695318222046,-0.5192693078208883
8785,-1.101713263711264,-0.9272352745871311
8786,-3.220562634013948,-2.728759647927056
8787,-0.928702217526734,-0.7491113401503753
8788,-0.9101402325223584,-0.8431807445716423
8789,-1.0096988885774525,-0.8757436245061527
8790,-1.7654855925103892,-1.7301370506919853
8791,-1.332095859512206,-1.2142015047055834
8792,-0.6823531836271286,-0.7290424977297305
8793,-0.4100026746434489,-0.339420854146748
8794,-0.8828142021977624,-0.8666232022552816
8795,-0.6234250105917454,-0.594110921080985
8796,-1.0178075372710709,-0.9782591497899943
8797,-0.5063982749170111,-0.48887274454828034
8798,-0.7927909838035703,-0.6841345574352723
8799,-0.9866676848064098,-0.8527482325604578
8800,-0.94031626217125,-0.8525273823297164
8801,-1.0804767814175835,-1.1340717124633815
8802,-1.2173740845317989,-1.1820268280726156
8803,-1.2051412107408508,-1.1924772026066848
8804,-0.951436152753904,-1.0339736360336569
8805,-0.986781782882158,-0.9629366526303605
8806,-0.7383034404858139,-0.704898004957359
8807,-1.0059445357137873,-0.9840087233917372
8808,-1.4571973704552466,-1.4014927466464433
8809,-1.1963023668111756,-1.1438663585905815
8810,-1.2193864593210146,-1.16240610958712
8811,-1.162608028768183,-1.0347291511737406
8812,-2.1057794179235185,-2.411847077794345
8813,-1.4064075233506377,-1.443278648150739
8814,-0.8102447607720545,-0.8184628262477123
8815,-1.1108398642390966,-1.1185228825021616
8816,-1.116061612617138,-1.0941660198087033
8817,-1.0613471953443778,-1.0794623179179257
8818,-1.0973660964374394,-1.0151548831622728
8819,-1.2129205899645192,-1.1448576333425804
8820,-1.034392152645791,-1.0006632791486882
8821,-1.0132125884063483,-0.9260727072913921
8822,-0.8976294329000074,-0.8309174739022253
8823,-1.1730467515398366,-1.2236528830743576
8824,-1.0322270883146183,-0.906402480427107
8825,-0.3652612449776413,-0.38241090975584746
8826,-1.067647241806799,-0.9385152323938845
8827,-1.0757623171621515,-1.0933233090535874
8828,-1.0044579690741011,-0.9870142882800935
8829,-1.2566560894943948,-1.2282732033323593
8830,-1.3105008121608763,-1.3309793439906643
8831,-1.2783571167509684,-1.197121394445464
8832,-1.4295949316764065,-1.4336910202951991
8833,-0.8301797809526902,-0.8076834851876641
8834,-1.101979226104973,-1.06543499112556
8835,-1.0092694676199625,-0.9840728543577516
8836,-0.9239381909370422,-0.9495212613750992
8837,-1.1086165027100912,-1.184740478581104
8838,-0.8756330281265022,-0.9209018371702681
8839,-1.0336197716321132,-0.9730194767757949
8840,-0.6576670756706825,-0.6765349501169066
8841,-1.1130096496537674,-1.0094672887938343
8842,-1.0938704485117003,-1.0867483243150078
8843,-1.398958210797273,-1.270476496369726
8844,-0.94847385181013,-1.0304097142735593
8845,-0.9154378794884496,-0.9229087221914783
8846,-0.8580098912471862,-0.8076812366339262
8847,-1.269333361655243,-1.2917837805316446
8848,-1.0324383743049563,-0.9991501951299773
8849,-0.8926344167354495,-0.9145657737519295
8850,-1.1047150136888488,-1.044984690259985
8851,-1.2225666887076323,-1.2623488018399904
8852,-1.1857118227685144,-1.193125901268845
8853,-1.4082928785057955,-1.3106704693198796
8854,-1.1344596960747888,-1.2459389969004353
8855,-0.7997371614441391,-0.733642135942178
8856,-1.13227786019791,-1.0627010313700598
8857,-1.0254905214605403,-0.8909518024341121
8858,-1.1650828649831373,-1.164018616892121
8859,-1.0362854761670726,-1.0915225666541997
8860,-1.2359403390292971,-1.2363902731667096
8861,-1.1570551145908443,-1.1465223790914736
8862,-0.9681552260421044,-1.0144536534522537
8863,-1.4709178763766622,-1.4926721599051134
8864,-1.2263694763183597,-1.2900717056711053
8865,-0.7117165317831113,-0.671139185387079
8866,-1.2298867896545764,-1.2302270703348002
8867,-0.9512989761293396,-0.9797442281986607
8868,-1.03990960490796,-0.9453628969459892
8869,-0.929273757823678,-0.9732910963028552
8870,-1.1417901164801545,-1.137222734688883
8871,-1.219848591227864,-1.1949123091899387
8872,-1.0862853989120602,-1.0975346320782728
8873,-0.9832950229792632,-0.9714105884383014
8874,-1.1329832326534182,-1.1256654200410527
8875,-0.9030347714381936,-0.9023826786346748
8876,-1.4263791039932605,-1.3530023498919708
8877,-1.015932790992796,-1.0203872151482494
8878,-1.2530377733615017,-1.153087068200901
8879,-1.069646483760769,-0.9840287520276663
8880,-1.101520483808,-1.0260883812176602
8881,-0.9195230404535928,-0.9191165704462112
8882,-1.1008537869120754,-1.186282044103715
8883,-1.453636274781338,-1.4193914101263199
8884,-0.6925928705143478,-0.6710428254414637
8885,-1.1628745212111362,-1.1359799037131748
8886,-0.938965919405915,-0.8866202314692838
8887,-1.0149410214535026,-0.9340425509620464
8888,-1.0762353618015614,-1.0270507930738595
8889,-0.8975019944730656,-0.8818588768068497
8890,-1.1403773348460826,-1.0578798129473603
8891,-1.2008412401805553,-1.2491715584073735
8892,-0.9368819460388302,-0.9028381793603865
8893,-0.8584020257920257,-0.7805468035187962
8894,-0.6350319008283978,-0.6720386665814808
8895,-0.9242331473402274,-0.7421838387969706
8896,-0.8451818736024606,-0.709267536856795
8897,-0.8593624904174213,-0.8009657596035117
8898,-1.165385325749715,-1.1408953829601334
8899,-1.1075346645458723,-1.1205212359938914
8900,-2.5463906807058,-1.973502632373025
8901,-1.389207822407863,-1.135474697744634
8902,-1.053838853688203,-0.9639190617424763
8903,-1.3417751762602064,-1.2190110843557471
8904,-1.2804677609739632,-1.2107166769422577
8905,-0.8403695387433666,-0.7614674636488824
8906,-1.3431802550140692,-1.0359023973597783
8907,-1.0885202949361283,-0.9627503020731869
8908,-0.6705491274826286,-0.5437848574680505
8909,-0.8140667971269584,-0.3946843978980082
8910,-0.8727694772538684,-0.6912433928412526
8911,-1.048646831512451,-0.8842352369746309
8912,-2.105151729924338,-2.4119913848540437
8913,-0.9338200286377308,-0.8192290811675714
8914,-0.7149219056591392,-0.4638845686365401
8915,-1.52816022766961,-1.3993791638684199
8916,-0.9534103771050771,-0.8078757835252316
8917,-1.2947484162426734,-1.1411876851806861
8918,-1.2744734246155311,-1.1014783302394806
8919,-2.3904385458339346,-2.0150928207597705
8920,-1.3465211712397065,-1.1622222842469752
8921,-0.8020165253055188,-0.6113914512820149
8922,-0.9158117262328545,-0.8537664162927596
8923,-1.1578932141148768,-1.0006795151969181
8924,-0.9218528658844704,-0.8618601321941377
8925,-0.4447320330050565,-0.4578769935886239
8926,-0.7045388055402179,-0.6555542164791517
8927,-2.381328168122665,-2.0156026800078735
8928,-1.993669731276376,-1.5890145451984545
8929,-1.126925806204478,-1.0353985112158222
8930,-0.6914626359939575,-0.6082848648836906
8931,-1.328777348553693,-1.2234822161071546
8932,-1.217574561946094,-1.1196461648058775
8933,-0.6593275042250752,-0.5666539270472762
8934,-1.1458776967470037,-1.0159275531454266
8935,-0.928051890328873,-0.7500894075278906
8936,-0.9564081606539812,-0.85166982717984
8937,-1.237063121426013,-1.1504629222852596
8938,-0.6346038044906976,-0.5999443392615682
8939,-1.49242892930674,-1.3086436132898298
8940,-0.6523666959542495,-0.6730747097769643
8941,-0.6811217707256938,-0.4849939461133389
8942,-1.0527004271514655,-1.0477646214860492
8943,-1.4884190282156302,-1.2987650645592133
8944,-1.2769764931872487,-0.9932979573273822
8945,-0.9394006384536624,-0.8214423298542526
8946,-1.1684435277745344,-0.8107382121006014
8947,-0.8276994357737459,-0.6372993182397018
8948,-1.1522241362503596,-1.1505910888167008
8949,-0.4222183743519569,-0.3750139895601196
8950,-0.747353607788682,-0.620943350087795
8951,-1.6197166405906973,-1.5877970888750002
8952,-0.9004747895307319,-0.8165442659066053
8953,-0.7993924941203391,-0.6730410016356921
8954,-1.0980408787727356,-0.9939609950235174
8955,-0.6358610069940961,-0.6168597601432225
8956,-1.0968728601470474,-0.7808319100847866
8957,-0.9999542642933452,-0.914865047526128
8958,-1.0028487388044596,-0.8315153832014235
8959,-0.7996276259422302,-0.8131825890024309
8960,-1.249291981837546,-1.174177005906321
8961,-1.0846364609897137,-1.0058722661294097
8962,-1.1106492787599564,-1.061939780010679
8963,-0.9984273742884398,-0.8516451798070442
8964,-1.0290943787648128,-0.7575144046857242
8965,-0.503524944313571,-0.3786602956586086
8966,-0.7816780075546383,-0.6864965578259745
8967,-1.116016507148743,-0.9445220192850134
8968,-0.7450246330379515,-0.7173958840593718
8969,-0.8531075910080311,-0.634805270143901
8970,-0.5969423746305799,-0.3597023875480524
8971,-0.6640977508337923,-0.510390992269003
8972,-0.932469235391033,-0.6583748654483371
8973,-0.8131395718082786,-0.7044897068563334
8974,-1.140259923133175,-1.055239758811239
8975,-2.0690347834637293,-1.5353227129948899
8976,-1.4577762164567647,-1.1591567217805383
8977,-1.02688543569474,-0.8878889054524118
8978,-2.0994332234064736,-1.6692894055017367
8979,-0.6439976887269454,-0.5241459659104007
8980,-0.7356884821440822,-0.5689641743701963
8981,-0.6709352334340414,-0.6498728710611559
8982,-1.7390122487563495,-1.5981698267310838
8983,-0.5362521908499978,-0.43404597914571014
8984,-0.5571829954783122,-0.5213959971692509
8985,-1.173772006995918,-0.9200317377919471
8986,-3.422127672604152,-2.7446685945862312
8987,-0.9687804421409963,-0.7417653935613786
8988,-0.9490684215412584,-0.8437288555412352
8989,-1.0600096731010926,-0.8747810089634038
8990,-1.850872304128564,-1.736289336052494
8991,-1.396261611292439,-1.2153492132567463
8992,-0.728264132142067,-0.7339952758577225
8993,-0.4017304322850986,-0.33693500822478234
8994,-0.8323454496472381,-0.864766327664696
8995,-0.6676223929971457,-0.5950997136502248
8996,-1.0655536633129268,-0.9748800852766951
8997,-0.5311222113380136,-0.492728371130448
8998,-0.854464371688664,-0.6809361977203275
8999,-1.0073974613071413,-0.8539816319919404
9000,-0.9024991656458656,-0.8525273709105143
9001,-1.0835470886066043,-1.1340718030407422
9002,-1.210618860961855,-1.1820268738835553
9003,-1.2412965916847998,-1.1924773423760449
9004,-0.9857983940331512,-1.0339737852522706
9005,-0.9811708779298058,-0.9629367073397515
9006,-0.7509651036225549,-0.7048981154198942
9007,-0.9917384118072746,-0.9840087366907587
9008,-1.4470090708991354,-1.4014927495371792
9009,-1.2043389174365258,-1.1438665178579646
9010,-1.2107531035593313,-1.1624062397967507
9011,-1.1278890489221929,-1.0347290892468368
9012,-2.1753695777484348,-2.4118475550923173
9013,-1.4010408960404943,-1.4432787936539786
9014,-0.8175400587939476,-0.8184628694764955
9015,-1.082595007494092,-1.1185229114225206
9016,-1.1174397496289985,-1.094166085760882
9017,-1.0931669298068498,-1.0794623580102658
9018,-1.0964447121287502,-1.0151549898549912
9019,-1.210298554841862,-1.1448576284576513
9020,-1.0719187786412794,-1.0006635367143584
9021,-0.9942059184229652,-0.9260728190131303
9022,-0.9214308659235636,-0.8309176265358554
9023,-1.18021452611731,-1.2236528929442279
9024,-1.0218749074048774,-0.9064025343375793
9025,-0.3630682128107446,-0.3824109644374266
9026,-1.0418049596076788,-0.9385151566481349
9027,-1.0913998470749966,-1.0933233658055663
9028,-1.024360975553823,-0.9870144233811736
9029,-1.2952143480611402,-1.2282734929096146
9030,-1.3037340936734694,-1.3309794073346943
9031,-1.2547841367795485,-1.1971215131100559
9032,-1.4463598007379577,-1.4336910684177626
9033,-0.82930238025133,-0.8076835703146735
9034,-1.103134502736173,-1.0654350764353122
9035,-1.0026964522147364,-0.984072880981352
9036,-0.9665303687254588,-0.9495214255410408
9037,-1.1074405428051024,-1.1847405516823946
9038,-0.8510950849961865,-0.9209018355068059
9039,-1.0066645893939703,-0.9730193539261043
9040,-0.6716840019592872,-0.6765350026291865
9041,-1.1176398262497067,-1.0094674499597283
9042,-1.0561658522879431,-1.0867482330765328
9043,-1.367880570796109,-1.2704764686495666
9044,-0.959912707639295,-1.0304097592280046
9045,-0.943771986074226,-0.9229088661905398
9046,-0.8680294883532786,-0.8076813941359291
9047,-1.2804547280304193,-1.2917837594668735
9048,-1.0238218325977178,-0.9991502745827601
9049,-0.9068570275639378,-0.9145659433475576
9050,-1.107728549676348,-1.0449847131970154
9051,-1.2248891545820606,-1.2623489548127305
9052,-1.1766309858292572,-1.1931259407868242
9053,-1.3987212375152942,-1.3106703921697507
9054,-1.1151131160499514,-1.2459388723114342
9055,-0.7988000350405079,-0.733642217825091
9056,-1.1214269907899606,-1.0627010211655719
9057,-1.0089145640070123,-0.890951789974263
9058,-1.1801238919413366,-1.1640188178678514
9059,-1.037062180134677,-1.0915226192551022
9060,-1.239713699318642,-1.2363902840188166
9061,-1.164097087327824,-1.1465224703177668
9062,-0.9714593185010808,-1.0144536356950054
9063,-1.4830491699913677,-1.4926722326532433
9064,-1.2111204211528486,-1.290071613706058
9065,-0.7374118381692457,-0.6711393401579422
9066,-1.2574247713236846,-1.230227220055508
9067,-0.9182021275971288,-0.9797442479972924
9068,-1.0370049670685169,-0.9453629107405871
9069,-0.9562425031218418,-0.9732912735007297
9070,-1.1297812258550364,-1.1372228034869334
9071,-1.2138527114261952,-1.1949122913616363
9072,-1.0978343329688376,-1.0975346827557555
9073,-0.9937057541322338,-0.9714106851251487
9074,-1.104850620262383,-1.1256654602397955
9075,-0.9031378041326472,-0.9023826858264566
9076,-1.4475858747497086,-1.3530024596058863
9077,-1.038996126300605,-1.02038739806837
9078,-1.1914495165033858,-1.153086981086162
9079,-1.086967647075653,-0.9840287965242052
9080,-1.0838031787280888,-1.0260883809478083
9081,-0.9245526735172716,-0.9191166598996982
9082,-1.1065333795177843,-1.1862821197922102
9083,-1.4396982433259948,-1.419391346976504
9084,-0.7074980510855621,-0.6710429190947947
9085,-1.1716698546742284,-1.135979888221762
9086,-0.9440330137578092,-0.8866203149583317
9087,-0.9759618921797404,-0.9340424743804898
9088,-1.0792254893354667,-1.027050810045835
9089,-0.8765656467556029,-0.8818588771732481
9090,-1.088283411292143,-1.057879711308136
9091,-1.1990463169970254,-1.2491715215334591
9092,-0.9277650700059048,-0.902838098150088
9093,-0.8505644816760869,-0.7805468481020217
9094,-0.6797506688516352,-0.6720386565526313
9095,-0.901818731958552,-0.7421837444011815
9096,-0.8353636699129444,-0.7092674189328086
9097,-0.8367602464764617,-0.8009656975833885
9098,-1.173538828080939,-1.1408954537004328
9099,-1.088847889456638,-1.1205212594208043
9100,-2.4994140793295467,-1.9735026720376052
9101,-1.2810029419817666,-1.1354742669479048
9102,-1.02288734820462,-0.9639189651969807
9103,-1.285920590824551,-1.2190105965237297
9104,-1.369742701793539,-1.210717195727065
9105,-0.8432910063470057,-0.761467504931762
9106,-1.3310795292562367,-1.0359023687641045
9107,-1.0641599560892858,-0.9627500695573813
9108,-0.6511231466781261,-0.5437847810941108
9109,-0.7968515363740333,-0.39468431664328735
9110,-0.8785061211813063,-0.6912434550708803
9111,-1.0266292214393615,-0.8842353823479104
9112,-2.175845512322017,-2.411991870906728
9113,-0.8594867730325506,-0.8192289019976632
9114,-0.6974909529089928,-0.4638844926021311
9115,-1.5126941667662726,-1.3993793363919278
9116,-0.9603802303473156,-0.8078757148463591
9117,-1.2534936740416889,-1.1411874820433026
9118,-1.254963511708139,-1.1014783345502912
9119,-2.214460427110845,-2.0150921273742948
9120,-1.189991818024562,-1.1622219816630772
9121,-0.7259356624396273,-0.6113911141470193
9122,-0.8558078277401808,-0.8537661478464854
9123,-1.1317752193110855,-1.0006792816214014
9124,-0.8356520316397497,-0.8618600846582517
9125,-0.4425498801608418,-0.4578770315149161
9126,-0.6697826514872469,-0.655554041389833
9127,-2.3180923410083936,-2.015602268230245
9128,-1.92744277204786,-1.589014447923719
9129,-1.0926062266031902,-1.0353985218306905
9130,-0.6604923140257597,-0.6082846769630368
9131,-1.4880354890116938,-1.223482476856286
9132,-1.1914549386128783,-1.1196459545996618
9133,-0.6282570995390415,-0.5666538801626196
9134,-1.0909980627917504,-1.0159273025858067
9135,-0.901048547537752,-0.7500892130443748
9136,-0.9450535381382162,-0.8516698523942664
9137,-1.1989054836968118,-1.1504629090758836
9138,-0.6357286727334571,-0.5999442929501381
9139,-1.4531913006952566,-1.3086435564194014
9140,-0.66532963514328,-0.6730747637616156
9141,-0.6075828953306804,-0.4849937718305801
9142,-1.0102700956108035,-1.0477644804880242
9143,-1.3986378131910813,-1.298764975212926
9144,-1.1935945805162191,-0.9932975413925513
9145,-0.9205901762470604,-0.8214422455618857
9146,-1.1185106419134832,-0.8107379288888572
9147,-0.7693182183790577,-0.6372990199938011
9148,-1.2385889164039068,-1.1505915087391645
9149,-0.3935298474866952,-0.37501388952508796
9150,-0.7480090679600835,-0.620943289376822
9151,-1.5609996577565983,-1.5877969914016752
9152,-0.8317814233691193,-0.8165440790455021
9153,-0.7299588567526766,-0.6730408009618535
9154,-1.0550939934328198,-0.9939609051900871
9155,-0.661510844079275,-0.6168599194627086
9156,-1.082393068675847,-0.7808318299033289
9157,-0.9861283126727556,-0.914864918663112
9158,-0.9285262245684862,-0.8315150229633107
9159,-0.8098529070615769,-0.8131826494467159
9160,-1.210316477819931,-1.174176851241531
9161,-1.0430834395810962,-1.005872063881848
9162,-1.0774526372551918,-1.0619396702969
9163,-0.954621335491538,-0.8516450607600131
9164,-0.874151469193972,-0.7575137840798337
9165,-0.5149027751042292,-0.3786603211166372
9166,-0.7846432055613791,-0.6864965120588812
9167,-1.098658003548319,-0.9445219045622901
9168,-0.7237314937650695,-0.7173957880897902
9169,-0.7553537963896759,-0.6348049506232545
9170,-0.57010922640089,-0.35970228657717324
9171,-0.6412329193233519,-0.5103908481334221
9172,-0.9166799297138136,-0.6583747318943577
9173,-0.764392863959074,-0.7044896771559399
9174,-1.0745997703180905,-1.0552396706384453
9175,-2.058937148043984,-1.535322359515361
9176,-1.4529287275515104,-1.1591568182848644
9177,-1.0100413655477858,-0.8878887653502249
9178,-1.959267934163412,-1.669288612150531
9179,-0.6526879440654408,-0.524146006948696
9180,-0.6559091482975686,-0.5689638618189494
9181,-0.6701132428738498,-0.6498729971438469
9182,-1.654238407926042,-1.5981694142185412
9183,-0.4793532783334905,-0.43404595886695513
9184,-0.5646536986033122,-0.5213960910060876
9185,-1.0889461844466453,-0.9200313510332161
9186,-3.2503112781615484,-2.7446677256570977
9187,-0.9565609451383352,-0.7417652136869095
9188,-0.9080614415250085,-0.843728644799466
9189,-1.0056418738233934,-0.8747809191389639
9190,-1.7485437393188477,-1.7362890280633905
9191,-1.2850724843240553,-1.215348979853716
9192,-0.7297665327787399,-0.7339953448503853
9193,-0.3704553401376318,-0.3369348721584879
9194,-0.885930901349977,-0.8647663548786123
9195,-0.6499911025166512,-0.5950995804438318
9196,-1.06565523147583,-0.9748800417548662
9197,-0.4736554678096327,-0.4927282628776773
9198,-0.8374661365523934,-0.6809361465055899
9199,-0.9380517828372098,-0.853981422643514
9200,-0.8628968499427618,-0.8153686903517249
9201,-1.0492373674080289,-1.0966883370976424
9202,-1.1794859161672666,-1.1608077539881787
9203,-1.257027075272198,-1.2021482712896796
9204,-1.0300947825113933,-1.0391556418104018
9205,-0.9766887943874034,-0.9852017513359745
9206,-0.7391383657159731,-0.705425348430356
9207,-1.0670151248458744,-1.1670581786893517
9208,-1.454595936361209,-1.4334841556534026
9209,-1.1434881188148676,-1.1117861084263023
9210,-1.316970427831014,-1.2887684181822374
9211,-1.775828521330278,-1.700074348879433
9212,-1.97020959854126,-2.092526640705685
9213,-1.438564067981282,-1.436878117793242
9214,-0.835386547007302,-0.8591833010874774
9215,-1.1369231324642897,-1.1120210877021677
9216,-1.094788988431295,-1.0753925824731183
9217,-1.149590112442194,-1.180880860530866
9218,-1.0712216556534286,-1.0310919475295155
9219,-1.2028445790904436,-1.153217602907174
9220,-1.0142180873442066,-1.0370868690216446
9221,-1.0812103018280148,-1.0254705641851776
9222,-0.9985021417455155,-1.023628476729189
9223,-1.3192150435706442,-1.2954906809705302
9224,-1.264984274095343,-1.2432204604036245
9225,-0.3716708533784263,-0.37022356627367015
9226,-1.1620802916297617,-1.120036373062065
9227,-1.1848366814990376,-1.183799754887475
9228,-1.0590067233226097,-1.016125805434372
9229,-1.2731144613073777,-1.2725587844620059
9230,-1.373266903929008,-1.3632922593541252
9231,-1.366146424944087,-1.29623288275717
9232,-1.481085490810779,-1.5178162325090583
9233,-0.9399926893470824,-0.9688119019354973
9234,-1.092614861421807,-1.103997298228221
9235,-1.065385103225708,-1.1084362039505231
9236,-0.9520675132671992,-0.9628027763757178
9237,-1.1150997405828431,-1.1836471475544483
9238,-0.8254673628844031,-0.8714157725346213
9239,-1.0470568680948065,-1.0519033426045095
9240,-0.6556563239831191,-0.6493879923393975
9241,-1.1247127536655397,-1.1091001780485243
9242,-1.2983711486638978,-1.3343079259156312
9243,-1.5095650539841765,-1.5101475568627114
9244,-1.0608472010886023,-1.120672232670113
9245,-0.9557652399521466,-0.9643334830552287
9246,-1.0583382281731433,-1.0846143290094197
9247,-1.428909650144651,-1.396924838516533
9248,-1.0772402951883715,-1.0596892800206605
9249,-0.9174299295558486,-0.9549628389989103
9250,-1.1785119633341945,-1.1832645325201787
9251,-1.322525517885075,-1.3055256118110548
9252,-1.1360805866330168,-1.126589389316433
9253,-1.4678707270659217,-1.4259642481662669
9254,-1.1576128329417503,-1.1357052302131092
9255,-0.7920120159784952,-0.7565847872837487
9256,-1.205042648685071,-1.1960731287149238
9257,-1.1848431779432669,-1.169221741586765
9258,-1.2556707877521367,-1.2982198880373492
9259,-1.0873686796010926,-1.0910989578188988
9260,-1.3648116856582404,-1.3764041753171985
9261,-1.200798531835393,-1.1834047433151818
9262,-0.9545252018196638,-0.9582858631230301
9263,-1.605943856313247,-1.5960771183417652
9264,-1.1971360811820395,-1.2228572444452774
9265,-0.6616074715473855,-0.626950865908078
9266,-1.2385462735050408,-1.235898723006819
9267,-0.920462409655253,-0.9359616199967608
9268,-1.0821443731470626,-1.067921794677139
9269,-0.944117035052573,-0.9943071743587576
9270,-1.0756658620612567,-1.0601737619286982
9271,-1.3503948172857596,-1.340357065556146
9272,-1.1679002111272294,-1.1170013574572384
9273,-0.9877857515054156,-1.0361474580064365
9274,-1.2620370471200275,-1.257734872907597
9275,-0.9731885806649132,-0.9405322825531144
9276,-1.517433992652006,-1.5019257604174543
9277,-1.0404594480529312,-1.0494327263168879
9278,-1.2660510549249575,-1.1862899611674125
9279,-1.158827715000864,-1.1263441704524615
9280,-1.0695159740226214,-1.0569496587082465
9281,-0.9483808168145114,-0.9541864274397457
9282,-1.1305981569511945,-1.1264809233301285
9283,-1.378669533618661,-1.3463570951512565
9284,-0.7002493840343548,-0.6860643839614432
9285,-1.1883242379787355,-1.176340977734063
9286,-1.0009855558705885,-0.9665619657704868
9287,-0.9504015482673348,-0.9128850448618455
9288,-1.0297126917876014,-1.0189822739631327
9289,-0.9558996581291967,-0.9106125547374976
9290,-1.158898678860923,-1.100792729046029
9291,-1.2318174644958142,-1.2458811229110405
9292,-0.9451036092846892,-0.9042109622696987
9293,-0.8208464910817701,-0.8213708865072682
9294,-0.6018206545069248,-0.5911525898010481
9295,-1.01538880666097,-0.9800976530388724
9296,-1.0168125370676204,-0.9900336576381117
9297,-0.9213534547377004,-0.8793091961675059
9298,-1.1653806220653444,-1.1732431820164215
9299,-1.0751168034797491,-1.100635258052798
9300,-2.28112731961643,-2.045675881077891
9301,-1.1323544230572014,-1.0518582309028568
9302,-0.9606551384741022,-0.9358635074546207
9303,-1.298283380932278,-1.215334810541519
9304,-1.2698210806682193,-1.1411236318118345
9305,-0.7752896445666173,-0.7343606450362054
9306,-1.2401751596100477,-1.097103176995842
9307,-0.998582967492037,-0.9464415221544638
9308,-0.6335197530051534,-0.623415588929329
9309,-0.6664557780748532,-0.5327221170596408
9310,-0.853088040578933,-0.7922200582583119
9311,-0.9241086324055988,-0.8571483277805456
9312,-1.969376036099025,-2.0932507628414263
9313,-0.7854949457700863,-0.697913438426229
9314,-0.7121516792103648,-0.6351529999412789
9315,-1.4489373531606462,-1.443614454256912
9316,-0.8932035466035207,-0.8287492304474959
9317,-1.1988986980083376,-1.1635955956044917
9318,-1.0895839230767612,-1.02409169603197
9319,-1.8911574699661948,-1.7543138449973916
9320,-1.1803245980006,-1.161620717540717
9321,-0.6651093322177266,-0.6085350650428183
9322,-0.7002832627877956,-0.679039190367144
9323,-1.010382290034331,-0.9345284033474799
9324,-0.7106067755425624,-0.7380098191157808
9325,-0.4440952622613242,-0.4444759584347635
9326,-0.6411152181699294,-0.5937666113790135
9327,-1.8420515112254927,-1.659806371693163
9328,-1.9269280660720096,-1.7578680766110026
9329,-1.0875558301254555,-1.1399052151819224
9330,-0.6355144362896681,-0.6147955923285452
9331,-1.4690675956231576,-1.4687456340615965
9332,-1.0960713680833578,-1.0759318630369679
9333,-0.5704243835061789,-0.5608370726976505
9334,-0.9495373677837756,-0.9329101041731054
9335,-0.8671300013860067,-0.78199696738197
9336,-0.8768582262776115,-0.8145363885324841
9337,-1.0815425196359325,-1.034931925969322
9338,-0.589911199930146,-0.5856646031741722
9339,-1.371074123900066,-1.3533978506584725
9340,-0.6554699696027315,-0.6482727285355968
9341,-0.5279291295265967,-0.4959628503216369
9342,-0.982582826022954,-0.9565120393891225
9343,-1.316192877385043,-1.2800964483017934
9344,-1.1360106449574232,-1.0295479353152537
9345,-0.85930703766644,-0.8103987898873992
9346,-1.0768912719643635,-0.9257628868075222
9347,-0.6788493154584899,-0.5675440568556425
9348,-1.1563294402190618,-1.19695018901838
9349,-0.4012675534433393,-0.3872442850429353
9350,-0.7076386269181967,-0.6655800780062003
9351,-1.4013667910598044,-1.4014342453981212
9352,-0.8538948131162066,-0.8255061099657354
9353,-0.6712326245714527,-0.62562491000408
9354,-1.04868068639189,-1.007484925489099
9355,-0.6267161880220685,-0.6218672998697178
9356,-1.0706541066945985,-0.9715802995663494
9357,-0.9447920119115548,-0.933464283605354
9358,-0.93144163582474,-0.9050015560593425
9359,-0.8072155833244323,-0.799609110529812
9360,-1.0666821954786316,-1.081343921198539
9361,-0.966570400632918,-0.944713508786589
9362,-1.0429627656936646,-0.9894607273665645
9363,-0.8934111837297678,-0.8621358123556384
9364,-0.8377593370584341,-0.8142951495363384
9365,-0.445840174316341,-0.3789685894527022
9366,-0.7209510211796724,-0.692148069683433
9367,-0.986853086671164,-0.9236867356038926
9368,-0.7152719165003577,-0.7106928875193976
9369,-0.7239010260086651,-0.6581998626634916
9370,-0.5354423532410274,-0.4417892609093177
9371,-0.5315454606862031,-0.5253576742296038
9372,-0.8476372969393827,-0.7698895845292436
9373,-0.7540333103388548,-0.7682055025070772
9374,-1.0296865342992596,-1.11072642518476
9375,-1.9507057666778564,-1.643708175468129
9376,-1.29163540915439,-1.195487376848403
9377,-0.9028358270251562,-0.7952763485575696
9378,-1.86664147088022,-1.6430469842666613
9379,-0.621791165525263,-0.5570349535683048
9380,-0.700120632962663,-0.6597279524345991
9381,-0.6472164623497069,-0.6369946715494762
9382,-1.5708987953126892,-1.47808859136495
9383,-0.4406961007551713,-0.41812996762470517
9384,-0.5075659465789795,-0.48459242575710965
9385,-1.082814423612846,-1.044687727525256
9386,-2.7630175181797574,-2.469351183654044
9387,-0.9037606017664076,-0.8688922648292593
9388,-0.8768542164055876,-0.834245359195022
9389,-0.9275315190673968,-0.8914384333170315
9390,-1.7080152086589648,-1.6298062420527049
9391,-1.227921070591096,-1.1954861373044787
9392,-0.6567290544509887,-0.6482880692926583
9393,-0.3712053993555504,-0.3799549831233004
9394,-0.8720120524251184,-0.8968993874472686
9395,-0.6022099992260337,-0.5779877786797144
9396,-1.0392600307168889,-1.033361985043657
9397,-0.4450010892956756,-0.42600128098181017
9398,-0.780836665071547,-0.7362938559480096
9399,-0.8687523048977519,-0.8326284957475625
9400,-0.8546831321346667,-0.8153685041685003
9401,-1.0474454452251565,-1.0966898139070675
9402,-1.164879938428716,-1.1608085009080154
9403,-1.2824642889259397,-1.2021505501450904
9404,-1.045405161473178,-1.0391580747302127
9405,-0.9822803014932676,-0.9852026433397117
9406,-0.7389268801193829,-0.7054271494555997
9407,-1.0712773578111516,-1.1670583955219038
9408,-1.4671089344246442,-1.433484202785116
9409,-1.160482737445092,-1.1117887051852582
9410,-1.3142692922621737,-1.2887705411720047
9411,-1.7804804634261917,-1.7000733391984864
9412,-2.0246157816478183,-2.0925344227622493
9413,-1.4383465071193506,-1.4368804901361123
9414,-0.8381093139796294,-0.8591840059068048
9415,-1.1280624428763986,-1.1120215592312368
9416,-1.1050975923390352,-1.0753936577837535
9417,-1.1496321424957394,-1.1808815142123743
9418,-1.0733139672020608,-1.0310936870901648
9419,-1.2043024874472803,-1.1532175232613406
9420,-1.045975926310517,-1.0370910684750914
9421,-1.0688754366349804,-1.0254723857409704
9422,-1.0359504564787991,-1.023630965328793
9423,-1.3317156364751417,-1.2954908418928328
9424,-1.2503798026447148,-1.2432213393814735
9425,-0.3700143954692743,-0.3702244578239524
9426,-1.145108424415884,-1.1200351380731441
9427,-1.1913550408311593,-1.1838006801943806
9428,-1.064900073894235,-1.0161280081762827
9429,-1.30527512971745,-1.2725635058451084
9430,-1.3658994001935618,-1.363293292140463
9431,-1.36819050848022,-1.2962348175120184
9432,-1.5004877628282058,-1.517817017118535
9433,-0.9341895903727804,-0.9688132898802218
9434,-1.1018299834672796,-1.1039986891524556
9435,-1.050714938215507,-1.1084366380323254
9436,-0.9635995388031006,-0.962805453002727
9437,-1.1051673196082892,-1.1836483394270538
9438,-0.8280024519262388,-0.8714157454128706
9439,-0.9973847228427266,-1.0519013396141412
9440,-0.6635145233227656,-0.6493888485205598
9441,-1.138836795969527,-1.1091028057615584
9442,-1.2713910128719124,-1.3343064383271335
9443,-1.5002592746601549,-1.5101471049021749
9444,-1.0394643591355908,-1.1206729656253238
9445,-0.9611472168634104,-0.964335830873377
9446,-1.057438166122737,-1.0846168969849124
9447,-1.4202278159385504,-1.3969244950681017
9448,-1.0800455697747164,-1.059690575450531
9449,-0.954890492350556,-0.9549656041536939
9450,-1.1795943180720012,-1.183264906494672
9451,-1.317293134770652,-1.3055281059396369
9452,-1.1257055683653483,-1.1265900336333323
9453,-1.4759475390116374,-1.4259629902797826
9454,-1.1148333115171092,-1.135703198864328
9455,-0.785221069358116,-0.7565861223354311
9456,-1.1984763025313383,-1.1960729623368802
9457,-1.1871496559113497,-1.169221538436416
9458,-1.2767695530440455,-1.2982231648258409
9459,-1.078907888065013,-1.0910998154450013
9460,-1.3338665888290997,-1.3764043522542797
9461,-1.1921023296755413,-1.183406230705063
9462,-0.9641439702159674,-0.9582855736017674
9463,-1.614116491273392,-1.596078304456301
9464,-1.2034652150594272,-1.222855745010454
9465,-0.6835808717003165,-0.6269533893539808
9466,-1.2404883092688035,-1.2359011641129722
9467,-0.926855309064998,-0.9359619428015504
9468,-1.0850005334661912,-1.0679220195897672
9469,-0.9590181380279303,-0.9943100634636006
9470,-1.08214359505232,-1.0601748836395575
9471,-1.3466434608134188,-1.3403567748763905
9472,-1.1617613550304442,-1.117002183723134
9473,-0.9955214585444724,-1.0361490344273698
9474,-1.2496324195418247,-1.2577355283239378
9475,-0.9591887007772396,-0.9405323998107946
9476,-1.5237686846607414,-1.5019275492369062
9477,-1.0563516062359477,-1.0494357087195123
9478,-1.2050407117651414,-1.1862885408139539
9479,-1.1650415103314289,-1.1263448959417837
9480,-1.072094344353491,-1.056949654308475
9481,-0.9592617787131968,-0.9541878859250851
9482,-1.1409137895865034,-1.1264821573855526
9483,-1.3721196790074193,-1.346356065531463
9484,-0.7151654463893963,-0.6860659109227181
9485,-1.1742864218793174,-1.1763407251558893
9486,-1.0115159990251523,-0.9665633270092339
9487,-0.9160105184067128,-0.9128837962455941
9488,-1.045110592546389,-1.0189825506809929
9489,-0.9330065010129944,-0.910612560711403
9490,-1.1225605195806931,-1.1007910718795617
9491,-1.2163075892500177,-1.2458805217040267
9492,-0.9101406243420388,-0.9042096381845917
9493,-0.8377002819563991,-0.8213716134099637
9494,-0.6278724066818817,-0.5911524262866849
9495,-0.990613017895425,-0.9800961139722651
9496,-1.0071973042894704,-0.990031734958391
9497,-0.8967638505521671,-0.8793081849666743
9498,-1.1755452156066897,-1.1732443353944841
9499,-1.0598347602888596,-1.1006356400145327
9500,-2.260400659897748,-2.045676527785031
9501,-1.0655779367269471,-1.05185120702111
9502,-0.9311569097430208,-0.9358619333383419
9503,-1.242782974243164,-1.2153268567336806
9504,-1.3423233813252942,-1.1411320902863136
9505,-0.774267502533373,-0.7343613181287443
9506,-1.2202067326526254,-1.0971027107605686
9507,-0.9790349265401678,-0.9464377311240039
9508,-0.6325292273085247,-0.6234143436981439
9509,-0.6782514887091554,-0.5327207922502535
9510,-0.8564166012264434,-0.7922210728749881
9511,-0.9428871830304464,-0.8571506980044946
9512,-2.0246157816478183,-2.0932586876383126
9513,-0.739624160204747,-0.6979105171685631
9514,-0.6874882504343987,-0.6351517602459394
9515,-1.4537744853231642,-1.4436172671490164
9516,-0.8870524446169535,-0.8287481106797567
9517,-1.1757021846697313,-1.1635922835715438
9518,-1.095913334824573,-1.0240917663171443
9519,-1.82789406451312,-1.7543025397639544
9520,-1.0846551633798158,-1.1616157840921233
9521,-0.6182663736417312,-0.6085295682593457
9522,-0.6628970910863179,-0.6790348135119889
9523,-0.9755871804185616,-0.9345245950390675
9524,-0.6844574989274491,-0.7380090440717311
9525,-0.4428350675937741,-0.4444765768001635
9526,-0.6139887987181197,-0.593763756652906
9527,-1.76753510599551,-1.6597996579064285
9528,-1.9059486502692813,-1.7578664906049064
9529,-1.0388422718754522,-1.1399053882509702
9530,-0.6164691615849733,-0.6147925283952301
9531,-1.5315353782088668,-1.468749885419466
9532,-1.0583632355555892,-1.0759284357509624
9533,-0.5562786534428596,-0.5608363082715051
9534,-0.91518752981526,-0.9329060189490973
9535,-0.8206887272901313,-0.781993796445137
9536,-0.8694921528751199,-0.8145367996385523
9537,-1.054760878400285,-1.0349317105983837
9538,-0.5774806709740106,-0.585663848094138
9539,-1.3576266719389332,-1.3533969234203198
9540,-0.6616980497653667,-0.6482736087228902
9541,-0.4798934302588766,-0.4959600087460043
9542,-0.9745275050170662,-0.9565097405010687
9543,-1.3032689002133155,-1.2800949915642783
9544,-1.06005715765059,-1.0295411537478265
9545,-0.8431341107934713,-0.8103974155510195
9546,-1.0477512867554375,-0.9257582692102532
9547,-0.640811844389568,-0.567539194135487
9548,-1.193592301436833,-1.196957035601763
9549,-0.386935134432209,-0.38724265403186847
9550,-0.6993041532114148,-0.6655790881502739
9551,-1.3704562501389852,-1.4014326561541437
9552,-0.8270047653553098,-0.8255030633077579
9553,-0.6432160120601802,-0.6256216381377518
9554,-1.0076720919460058,-1.0074834608090084
9555,-0.6531700425677829,-0.6218698974781818
9556,-1.0612008414527243,-0.9715789922558719
9557,-0.9300112021985903,-0.9334621825713296
9558,-0.8870123699307442,-0.9049956825934278
9559,-0.8038302550713221,-0.7996100960375492
9560,-1.0547445069911867,-1.0813413994820962
9561,-0.9284453121945262,-0.9447102112616504
9562,-1.0023604929447174,-0.9894589385493384
9563,-0.8763833427801728,-0.8621338713653466
9564,-0.8122786503571731,-0.8142850309302998
9565,-0.4420726360418858,-0.37896900453055776
9566,-0.724171985951505,-0.6921473234784832
9567,-0.986106089843336,-0.9236848651188418
9568,-0.703807977742927,-0.71069132279305
9569,-0.6536058326100194,-0.6581946530713926
9570,-0.5194978931593517,-0.44178761463981986
9571,-0.5024796594945036,-0.5253553241855865
9572,-0.8398697291101728,-0.7698874070118782
9573,-0.7405242891982198,-0.7682050182600118
9574,-1.024517347327376,-1.1107249875803562
9575,-1.9296448669935529,-1.6437024121968593
9576,-1.295573211971082,-1.1954889502934374
9577,-0.9130034768392168,-0.7952740642756174
9578,-1.7272764191483003,-1.643034049152083
9579,-0.6186851544813676,-0.5570356226730422
9580,-0.6375302141026933,-0.659722856474372
9581,-0.6519879019537638,-0.6369967272519739
9582,-1.5225381768027018,-1.4780818655958798
9583,-0.4279925433072177,-0.4181296369917929
9584,-0.5159337266286215,-0.4845939557103337
9585,-1.0536366922910825,-1.0446814216566018
9586,-2.620236561411903,-2.4693370162867736
9587,-0.8806592281907797,-0.8688893320841516
9588,-0.8652879970018253,-0.8342419231771355
9589,-0.9190523143208356,-0.8914369687835252
9590,-1.6749254154122395,-1.6298012204754802
9591,-1.2049626765712615,-1.195482331808352
9592,-0.6593684881925583,-0.6482891941765574
9593,-0.3632581262137946,-0.37995276464414995
9594,-0.8953420727751976,-0.8968998311538188
9595,-0.5723493546247482,-0.5779856068295386
9596,-1.0474283454954163,-1.0333612754463943
9597,-0.4359224239985148,-0.42599951598544755
9598,-0.7638372536748648,-0.7362930209224932
9599,-0.8233395981234174,-0.8326250824472954
9600,-0.925483503082926,-0.9057264355726098
9601,-1.025492438982273,-1.077251213377929
9602,-1.233923737392869,-1.2127081694836952
9603,-1.2831353115481,-1.2392815979876497
9604,-1.0188291220701942,-1.0480465999869597
9605,-1.0128992407820945,-1.009413211228627
9606,-0.7775466229564459,-0.7671947624024348
9607,-1.0520455144172491,-1.111499380079686
9608,-1.492111279982929,-1.4740566431089912
9609,-1.2272385663764422,-1.238483857122819
9610,-1.3548745323521223,-1.3692915282508213
9611,-1.840005945373368,-1.7729433783681352
9612,-2.2162528208323886,-2.345286023049134
9613,-1.4513805958091237,-1.4659470619399704
9614,-0.8730354761892511,-0.8745768292005717
9615,-1.1429552603513002,-1.1470685908571132
9616,-1.114370632541272,-1.102555103080211
9617,-1.1621227264404297,-1.1663493087433476
9618,-1.1821596788805584,-1.1587404028081751
9619,-1.2168181764987087,-1.175175514024058
9620,-1.0696001126784689,-1.10386206629357
9621,-1.1154167726058368,-1.1306732372412205
9622,-1.0621419276377952,-1.0465678903791644
9623,-1.3390740941661272,-1.3179630327594403
9624,-1.2987594151681707,-1.281284056276624
9625,-0.3650976684358384,-0.37123771882125256
9626,-1.168174949727317,-1.0568321820069224
9627,-1.1656031664027724,-1.172465806783637
9628,-1.0629041352013284,-1.0376380041280144
9629,-1.3041103061779524,-1.300678735555627
9630,-1.3452986238538758,-1.342550573422935
9631,-1.3622125026791594,-1.3293123491666923
9632,-1.5119446553001108,-1.5209794349448527
9633,-0.9348503332729488,-0.9829090177550965
9634,-1.0998651741086976,-1.1343024445442635
9635,-1.0522081168122994,-1.0670163385011744
9636,-0.9939114073912304,-1.033147548966959
9637,-1.0796674074128616,-1.115471193032694
9638,-0.8706996080487274,-0.8965965845172011
9639,-1.04377276768056,-1.0788117225163842
9640,-0.6664796902583195,-0.6658272929680722
9641,-1.1890766971795137,-1.2075907663473586
9642,-1.2349389033724172,-1.2474928358112591
9643,-1.5229914419410764,-1.4913772492445725
9644,-1.0386955775031748,-1.1506185063404455
9645,-0.958129975222802,-1.0035957868093262
9646,-1.0912432220038466,-1.1102363797310437
9647,-1.4053164138350376,-1.3691601491405903
9648,-1.082371246907138,-1.0885545344931828
9649,-0.969918167868326,-1.0083505651439637
9650,-1.2056081230326217,-1.1778196774095728
9651,-1.3495731751124065,-1.3605549230748282
9652,-1.1614809710850087,-1.1813931662290988
9653,-1.4397731769916624,-1.4006616302238775
9654,-1.140081902807073,-1.1415246835975
9655,-0.8216019434522289,-0.8150977838871238
9656,-1.216393467067748,-1.1907911436194172
9657,-1.1831517284230668,-1.137263693858791
9658,-1.2800891362419424,-1.3291879134584998
9659,-1.0655806480452072,-1.1071967080582206
9660,-1.3492535232573517,-1.4065287054663211
9661,-1.268281519875046,-1.2523635601196288
9662,-0.9379885843557904,-0.9320957962548766
9663,-1.6227433755416278,-1.6102912148764061
9664,-1.215276458630195,-1.2236295773432992
9665,-0.7201841995697613,-0.705581210996443
9666,-1.2618800965390464,-1.2789206135180617
9667,-0.9243301208629164,-0.9499317789570836
9668,-1.1363811779391857,-1.0851445145693
9669,-0.9509112012478732,-0.9642729318727312
9670,-1.1320075711538626,-1.142334193838367
9671,-1.314998841100885,-1.3092071159865566
9672,-1.252295798109483,-1.2161195752540626
9673,-1.0391159963238148,-1.078104341368963
9674,-1.2333881457646687,-1.249865465385988
9675,-0.9602073779148338,-0.9321258943692898
9676,-1.561750429545262,-1.5482157111475985
9677,-1.081868702127028,-1.0989815458770957
9678,-1.254176702610282,-1.2130365904603553
9679,-1.2360539385827922,-1.2026268354916898
9680,-1.1225479730339938,-1.085004884451224
9681,-0.9628898875657902,-0.9485616258872567
9682,-1.198522964189219,-1.2209423518612323
9683,-1.450512401817381,-1.4079428932771376
9684,-0.7125484043697141,-0.7252683110956999
9685,-1.2281625030576722,-1.1926171560927994
9686,-0.979638791823572,-0.9365911188051628
9687,-0.9942099900208704,-0.9371065227868081
9688,-1.0835631485133208,-1.0862609037133002
9689,-0.9566658615141876,-0.9366323926344056
9690,-1.1475278970807097,-1.0983498783382695
9691,-1.2127229474311652,-1.2092389807836645
9692,-0.9598423538281936,-0.9453474437235467
9693,-0.8691337432048117,-0.8793502861215097
9694,-0.663116191006914,-0.6361008560607153
9695,-1.0225627043450525,-0.9782306251599563
9696,-1.0274583055067432,-0.9423771887170218
9697,-0.9419526009596596,-0.9096113070653
9698,-1.2082291250081023,-1.2350921929652874
9699,-1.0607112341148908,-1.0842141051625152
9700,-2.4065406182233025,-2.1849592643624893
9701,-1.105839680331622,-1.0534087271653252
9702,-0.97747793862986,-0.9069456179320321
9703,-1.317213034629822,-1.172041865631297
9704,-1.4417546658680356,-1.2468159897573807
9705,-0.8006555368733961,-0.7520039891703652
9706,-1.340659075853776,-1.1494312132296611
9707,-1.045888066291809,-0.9824467906656007
9708,-0.6248692643734836,-0.5968050011060305
9709,-0.7228590956440678,-0.5273799606801238
9710,-0.8966454063143049,-0.7850637704606582
9711,-1.0012086987495423,-0.9057963821622859
9712,-2.217749433858054,-2.3452562405949613
9713,-0.7666771568993266,-0.6848802079833748
9714,-0.7248314032331109,-0.6026008067031037
9715,-1.5513964527183108,-1.529686014961272
9716,-0.9364868233601252,-0.8576905876397749
9717,-1.2074323985003683,-1.1458016461487794
9718,-1.1627632406936297,-1.0462563494612245
9719,-1.9179692647673867,-1.7767457131183095
9720,-1.0433715421419878,-0.9474951517886793
9721,-0.6709408907927283,-0.5316710946479233
9722,-0.7455536519608846,-0.6707290532142723
9723,-1.048035428505535,-0.9325817222742416
9724,-0.6792561259380606,-0.6808895088289173
9725,-0.4393632827803146,-0.44548921221602544
9726,-0.6344127479449723,-0.5770598138641475
9727,-1.855250685111336,-1.7077751522478273
9728,-1.9333522830690657,-1.6053030774705843
9729,-1.0442855071138453,-1.0713793738388768
9730,-0.5968978386372328,-0.5318953984727243
9731,-1.3854302212044045,-1.285620345009647
9732,-1.1006257636472585,-1.061200018040812
9733,-0.561433675698936,-0.5342444609850383
9734,-0.9420995749244394,-0.8780359846060466
9735,-0.9156390040419824,-0.8498746976063323
9736,-0.972185725515539,-0.8996123983101078
9737,-1.0893138388330623,-1.024732756676265
9738,-0.5732675800173301,-0.5698387194180317
9739,-1.3626766611439314,-1.3032684246082529
9740,-0.66045607145016,-0.6621093050027584
9741,-0.5035429906475452,-0.43761879590742425
9742,-0.9807298359020736,-0.9317344805990747
9743,-1.3092468237692072,-1.2542883776879
9744,-1.126107707619667,-1.0379082349438844
9745,-0.880717377178371,-0.8010577460129784
9746,-1.1091463583103125,-0.9182187572192753
9747,-0.7190712163614672,-0.5677202231507527
9748,-1.181472007717405,-1.1661921100956874
9749,-0.3835664685092755,-0.3807050796290542
9750,-0.7267418010160327,-0.667536422920677
9751,-1.4187622772630797,-1.4247296722052283
9752,-0.8312815621841786,-0.8075782461067593
9753,-0.6793784374414489,-0.6301250374594121
9754,-1.0640173787251117,-1.026004239606337
9755,-0.6673675132176232,-0.647258252063134
9756,-1.1074804280155388,-0.9838501507612891
9757,-0.9369703457337016,-0.8773776431416153
9758,-0.8843955472111702,-0.8345405599102047
9759,-0.8166876037915548,-0.8083674980534489
9760,-1.068115226982176,-1.047871630937236
9761,-0.9713348532095551,-0.8850290651122245
9762,-1.0252771586179734,-0.993670672178258
9763,-0.9053291082382202,-0.8333339411765024
9764,-0.8268629046586844,-0.7561327692789351
9765,-0.4868879715601603,-0.4052200966071279
9766,-0.7525745001874229,-0.7123429621220625
9767,-1.0046403352604356,-0.8201397885338874
9768,-0.7134762946949449,-0.7075565378795312
9769,-0.6731834522513456,-0.6082574933073932
9770,-0.5636589167610048,-0.45303359738097987
9771,-0.5271174029786457,-0.4754503916091993
9772,-0.9272850167994596,-0.7376360982452888
9773,-0.7217302406206727,-0.7106796456500629
9774,-1.0550280313576217,-1.035731222425583
9775,-2.113861510628148,-1.7104785651490315
9776,-1.394699606142546,-1.264263985868033
9777,-0.9315047831762404,-0.740556187099803
9778,-1.7716952815200344,-1.6039019859197823
9779,-0.6541501066901467,-0.5193155938928531
9780,-0.632896152577659,-0.5408554095630044
9781,-0.6792323376781256,-0.6689315556863719
9782,-1.5825184352638186,-1.4335714384566192
9783,-0.418509444323453,-0.4449866150364602
9784,-0.529537410736084,-0.5125510650210975
9785,-1.0535126111304114,-0.9049169105459911
9786,-2.6759611652010964,-2.4712327264603213
9787,-0.9076200779527426,-0.7963103236008975
9788,-0.8701789101888967,-0.8277824390149833
9789,-0.9471273958136184,-0.8650868208765204
9790,-1.6123879992443582,-1.5446752517119586
9791,-1.219814985029159,-1.1689132426374247
9792,-0.7002822160720825,-0.7204185018936733
9793,-0.3416041464317502,-0.3512193812472702
9794,-0.884251453155695,-0.876448752344106
9795,-0.6039633760228753,-0.5686107970152983
9796,-1.074656755425209,-1.0377807466250295
9797,-0.455795782481053,-0.4220432083119887
9798,-0.8222910333424807,-0.7619886140649039
9799,-0.8425913014153178,-0.759624745802638
9800,-0.7911827841470408,-0.794928949115568
9801,-0.915493400960133,-0.922731655963904
9802,-1.0202796449956968,-1.039182700200114
9803,-1.1210215045500171,-1.0742627841015537
9804,-1.002095801885738,-0.9915359097724179
9805,-0.8424272481785264,-0.8523717412276489
9806,-0.6122197633565858,-0.6142264772171402
9807,-0.9281643573627916,-0.9669024264604902
9808,-1.2136874744134356,-1.188868082864615
9809,-1.1042754160341366,-1.104342333933244
9810,-1.199539295462675,-1.1454999680937001
9811,-1.7018667210589398,-1.6424357847210054
9812,-1.9170681919370376,-1.944374099256782
9813,-1.246876383414034,-1.2404979096337403
9814,-0.6464006836100142,-0.6563410381110575
9815,-1.074150332249701,-1.0969172988327462
9816,-0.999712352604829,-0.9842579749857936
9817,-1.0076129223949226,-1.0174111138592266
9818,-0.8547822292460951,-0.8702043263898113
9819,-1.0713419738666032,-1.0040701933129685
9820,-0.8297785631445951,-0.8604523571832269
9821,-0.8076047980508139,-0.8035625404966961
9822,-0.9110000549360764,-0.9033302555344399
9823,-1.2321877451830132,-1.1830752740117665
9824,-0.8679366518360699,-0.8261903168477445
9825,-0.397205920300932,-0.40928868847984784
9826,-0.8374655329903891,-0.7939449563207447
9827,-1.1199536415957665,-1.0838991093332229
9828,-0.8989683629930482,-0.8843124261943515
9829,-1.0318423814551776,-1.0305141123071393
9830,-1.1781418415927147,-1.2135326058973113
9831,-1.0791747246601784,-1.0872467982490002
9832,-1.313942833464275,-1.3368824047716719
9833,-0.8051762821138367,-0.8248761306979351
9834,-0.8985653413358585,-0.9107823658589534
9835,-0.8950815311698026,-0.9072621961624218
9836,-0.808487422267596,-0.8410935083051938
9837,-1.039775013923645,-1.1005773114137185
9838,-0.8380702410557473,-0.8100301121031707
9839,-0.91621522478355,-0.8973513868395255
9840,-0.6473593299205487,-0.649339571838236
9841,-0.7959316488384276,-0.8106597569719073
9842,-0.9937607872393704,-1.0493494133025207
9843,-1.2389620385428732,-1.2252630743510788
9844,-0.9099752099014992,-0.9879245144954963
9845,-0.8608977683754855,-0.8322207016647912
9846,-0.8357973295872606,-0.8292060419820211
9847,-1.1670000848844069,-1.188398744497434
9848,-0.8728248675664266,-0.8700367905835046
9849,-0.9025346290233524,-0.9364210322339217
9850,-0.9227973370589028,-0.9118134826868591
9851,-1.1402098809101784,-1.1858512428983303
9852,-1.0317681769067928,-1.0538645480552344
9853,-1.259978920914406,-1.2905559366828203
9854,-0.9228526547897694,-0.9614243095539754
9855,-0.6717725446981977,-0.6453272945756485
9856,-0.9929536950680636,-0.9805886870983853
9857,-0.939894253893416,-0.90187795674325
9858,-1.1237928571627125,-1.1608866416885986
9859,-0.9120336946590928,-0.9649392404095148
9860,-1.245880077975665,-1.2504971467120345
9861,-1.0024384371069974,-1.0258662107396839
9862,-0.930439596952394,-0.9159223259445471
9863,-1.4556612173716228,-1.4716497165530198
9864,-1.0094221848707932,-0.9998889446585284
9865,-0.527276077935862,-0.5068121437685482
9866,-1.1059330249017525,-1.103634122876224
9867,-0.7184086797773376,-0.7420608647200763
9868,-0.853040432745172,-0.8667576576844099
9869,-0.7237439155578613,-0.7642710785109675
9870,-1.053598871526792,-1.0728710902966752
9871,-1.1315495699875115,-1.121972645526715
9872,-1.0317107318907746,-0.9883716434398219
9873,-0.8558960829594339,-0.8436157647125277
9874,-1.0695259358531746,-1.119062457387686
9875,-0.8309484751878586,-0.8255804202558527
9876,-1.3644032931143,-1.3582968368483614
9877,-0.9493261363155158,-0.954770458035401
9878,-0.9325522350710492,-1.054035550153749
9879,-1.0931159530655812,-1.0654561623738705
9880,-0.8501105354737866,-0.8446361566491406
9881,-0.8442876616189646,-0.8473719020817355
9882,-1.0186007780622142,-1.059803872545122
9883,-1.2609905558963157,-1.2615622966784312
9884,-0.6647708460969745,-0.6853553074836457
9885,-0.9691438388454822,-0.9657158583132655
9886,-0.7298782084339349,-0.7453997838736759
9887,-0.7773251746051996,-0.7866935159887366
9888,-0.9443009121473446,-0.9334648868149807
9889,-0.7829107692999433,-0.7854408006717675
9890,-1.0429160474806791,-1.0205917307359438
9891,-1.0246292639148329,-1.085445951301862
9892,-0.8114947662797085,-0.8371401147957942
9893,-0.6033099741898766,-0.6399287957526874
9894,-0.6273211542564102,-0.637559675887184
9895,-0.7575534757717636,-0.732505566311691
9896,-0.6490847223488859,-0.6372717188534827
9897,-0.6253328193989836,-0.6445154597151656
9898,-1.044520102730093,-1.0430616873173961
9899,-0.9792765249577604,-0.9884607501930126
9900,-2.684258075321422,-2.6066531446433756
9901,-1.3238837783650834,-1.3006892092481386
9902,-1.1290907009627469,-1.1264015353416643
9903,-1.3500584973229302,-1.533778379335172
9904,-1.54653013574666,-1.2141973454845907
9905,-0.8519106077593427,-0.8077274434981797
9906,-1.3203283718654089,-1.2209372278459327
9907,-1.015548077664634,-1.0117748906047714
9908,-0.6848868150119634,-0.6660799031403541
9909,-0.7076748109158174,-0.6377538809898763
9910,-0.8921133915583292,-0.8698559729856762
9911,-1.1726364016532898,-1.0571682441878514
9912,-1.9170681919370376,-1.9443740962523182
9913,-0.991381703421127,-0.9135535746020658
9914,-0.8822327153757215,-0.8497475786764344
9915,-1.4700638718075223,-1.4713123984017744
9916,-1.0073516766230266,-0.967144761331893
9917,-1.284687502439632,-1.254133397437356
9918,-1.227059162896255,-1.2591155229366089
9919,-2.486950169910084,-2.419610135317676
9920,-1.3489241554186897,-1.3502167479660987
9921,-0.7280429130376771,-0.6920434738693536
9922,-0.918196638909782,-0.9562512327602857
9923,-1.0204182456630144,-1.1177923983424747
9924,-1.200575358183809,-1.2205934951660045
9925,-0.475201829459316,-0.48571596134882017
9926,-0.6753540833791097,-0.6923424708025195
9927,-2.2909998479096787,-2.2639656061654585
9928,-1.79021878469558,-1.8571520402422828
9929,-1.35936822714629,-1.296642221719773
9930,-0.800447154790163,-0.8061372008341877
9931,-1.6029284883428505,-1.382305836606733
9932,-1.2127962056547403,-1.2226867417921725
9933,-0.6678141383454204,-0.6292177364507896
9934,-1.1103694900985837,-1.0910986762605093
9935,-0.8077823921691539,-0.7701038974569284
9936,-0.9569364447485316,-0.9836735169763611
9937,-1.175870885220609,-1.2657737711252637
9938,-0.7446186871040524,-0.7322461633194667
9939,-1.4695868566054706,-1.5018474434860458
9940,-0.6424681700192965,-0.6499460214788109
9941,-0.6234835238419763,-0.6077872456095824
9942,-1.3269602337548898,-1.3169775619650428
9943,-1.397154499394025,-1.401288948327608
9944,-1.3855971721932292,-1.3310788817781907
9945,-0.9268590789288282,-0.8669520218506359
9946,-1.1361405452092488,-1.1249480887291925
9947,-0.8085732007211492,-0.7447578309529702
9948,-1.079315687928881,-1.0363219906692689
9949,-0.4396394562365404,-0.4225722229154101
9950,-0.8775103725492954,-0.8447188907318649
9951,-1.468932647113652,-1.580488810907309
9952,-0.9584627595058708,-0.9698392742574239
9953,-0.8020042264184286,-0.8057596833686632
9954,-1.0621697576716542,-1.072611338731191
9955,-0.6750696537986635,-0.6509101236564372
9956,-1.108108354169269,-1.0886233813077504
9957,-1.0202146537544192,-1.013155430639299
9958,-1.1462757140398026,-1.1146121566921299
9959,-0.7851932317018508,-0.79429152405591
9960,-1.2447524033775623,-1.1753983758548077
9961,-1.0936060640960932,-1.1195082624112667
9962,-1.1906288117170334,-1.2016161264169767
9963,-1.044490604661405,-1.0161477556993668
9964,-0.8740246103360103,-0.9200025319155762
9965,-0.4872433803020379,-0.45046927193914466
9966,-0.7621438688085985,-0.7400059095202559
9967,-1.001792776492215,-1.0339368177488233
9968,-0.7596152420191802,-0.7600027845521052
9969,-0.904452690782473,-0.8663212572068623
9970,-0.5985685927527291,-0.597630707360539
9971,-0.7000129343003265,-0.7345848001802864
9972,-0.811403430238062,-0.8382075922190168
9973,-0.9417177503928542,-0.9232104033768888
9974,-1.2076453234242126,-1.1682772295380524
9975,-1.856638939757096,-1.8795600220991167
9976,-1.5105033146707636,-1.4786588789364727
9977,-0.8425987164179484,-0.8311272868175631
9978,-2.365555499539231,-2.3004718243204163
9979,-0.6357586687261408,-0.6107509537564617
9980,-0.7227795003920563,-0.6870958083522448
9981,-0.6248169065445892,-0.6138312153271018
9982,-1.694816842559696,-1.7066629182434363
9983,-0.4576715122569691,-0.46958308057860576
9984,-0.5552627197901407,-0.526510075844368
9985,-1.0773750423460968,-1.044530611411262
9986,-3.262949835686457,-3.324323815591624
9987,-1.02549784258008,-0.9799408778503644
9988,-0.9600268057150434,-0.9131519023564678
9989,-0.9830672226914572,-0.9887467493718275
9990,-2.2380529486614726,-2.343796379459756
9991,-1.5629581501407008,-1.6096670290435653
9992,-0.6917621612548828,-0.6950663220693005
9993,-0.5234174005628571,-0.5088100362421323
9994,-0.8412076428879139,-0.9112239726146615
9995,-0.8557510077953339,-0.7664067917146496
9996,-1.1106009695881096,-1.088135633279132
9997,-0.5118467308754144,-0.49551932456168324
9998,-0.8420021161437035,-0.803221959119496
9999,-0.9727840368137805,-0.9653357599149032
10000,-0.803019217742506,-0.8154863286675552
10001,-0.962505973618606,-0.998161477566541
10002,-1.044409764829532,-1.0901653213290907
10003,-1.1090512534444643,-1.1164546563839746
10004,-0.9285736693892368,-1.0066823199626946
10005,-0.8760552997736968,-0.8918334824317959
10006,-0.6367247428080832,-0.6465880123899553
10007,-0.9309806740561196,-0.9730075150829764
10008,-1.2271305507467698,-1.2647560347364533
10009,-1.1357508712960769,-1.1184487422002232
10010,-1.0966858438743177,-1.1515332895053683
10011,-0.9211228588125208,-1.425536307487854
10012,-1.9034841230937407,-2.1112205633608037
10013,-1.295232183620578,-1.3128726104218211
10014,-0.6135977312575939,-0.714203978183116
10015,-1.0555680552497506,-1.1046284877059471
10016,-1.0094871539478154,-1.0234853737732803
10017,-0.995306886443796,-1.0395576539184568
10018,-0.8746738101160804,-0.9219384284327825
10019,-1.0264556352482286,-1.0543185915669946
10020,-0.8654097374095473,-0.9104950850852618
10021,-0.7851911367372025,-0.8472872137104782
10022,-0.850452509037284,-0.8774847779712063
10023,-1.044046027715816,-1.197557559529836
10024,-0.7225353736286015,-0.8548178463178464
10025,-0.4039149100963886,-0.39969575194713247
10026,-0.831032204997632,-0.8455433979027799
10027,-1.0779238939285278,-1.0872624027804823
10028,-0.8900243441263834,-0.9209677502125229
10029,-1.0483110348383586,-1.1010963937654494
10030,-1.1931624153787777,-1.2554506329564354
10031,-1.050255910370701,-1.1264619232481783
10032,-1.3592785504437233,-1.3714342421185735
10033,-0.7505217226900796,-0.8187394210053787
10034,-0.9294442696164744,-0.9659794652676521
10035,-0.8884781672973041,-0.934676556568299
10036,-0.8325878987709682,-0.8797923960163688
10037,-1.0622442489446595,-1.1306162623474159
10038,-0.8524888042331666,-0.849601582094871
10039,-0.8832571635874666,-0.9243578198482288
10040,-0.6316585715000446,-0.6590459419813793
10041,-0.7745259769203127,-0.8816158610568257
10042,-1.0100445987642273,-1.062697105895749
10043,-1.241697248562362,-1.241399676748486
10044,-0.9314817060795866,-1.0030876558905242
10045,-0.8239499700161838,-0.8645880237559447
10046,-0.7263459680587288,-0.8215227786027385
10047,-1.1240439294844635,-1.225297807922829
10048,-0.849077351333559,-0.9161185276743976
10049,-0.8638579420341078,-0.9286204356114668
10050,-0.9231887094734252,-0.9593434404161396
10051,-1.0702728800071302,-1.2131538429751323
10052,-1.0514014765273694,-1.1035685420826002
10053,-1.2624028218809025,-1.297734748699053
10054,-0.9871538082758584,-1.062971038898141
10055,-0.6441993805789208,-0.6768476039529754
10056,-0.962474356326022,-1.0098951295317544
10057,-0.7841684494831765,-0.8979776251638246
10058,-1.0663647198861883,-1.1620040667839415
10059,-0.9092616425004116,-1.0101181902704417
10060,-1.1085328344226808,-1.2454617648431383
10061,-0.9763920852380206,-1.0689296080622857
10062,-0.9377374815386396,-0.9510894261465941
10063,-1.450750325077264,-1.4791526245551765
10064,-1.0039081545976491,-1.1034585139755626
10065,-0.5253039718598358,-0.5654622370995315
10066,-1.132770809092263,-1.1488164327688606
10067,-0.7542042270187259,-0.8268928074889488
10068,-0.8041498993718347,-0.894812416545943
10069,-0.8055927254432855,-0.838872766036235
10070,-1.0669610980869264,-1.0958389070300245
10071,-1.1506346824557283,-1.148005333259955
10072,-0.9810031670932622,-1.0273327847187719
10073,-0.8451171475787496,-0.8892268878479099
10074,-1.02501365750335,-1.121418772162434
10075,-0.8154478495099903,-0.8529919180422769
10076,-1.2536144524581672,-1.3564066525804646
10077,-0.9668210467626882,-0.9781896620691559
10078,-1.0258588661519132,-1.0893880422271307
10079,-0.9655343435578428,-1.0363932501060664
10080,-0.8782396455143773,-0.9093983304105266
10081,-0.8445209939350453,-0.8729783154965947
10082,-1.0474531937015148,-1.1049452807948605
10083,-1.250669285308483,-1.3178932982645106
10084,-0.6448138727332061,-0.6802468591471138
10085,-0.9834397291952326,-1.0264848801568358
10086,-0.7458623148674188,-0.7958028319371123
10087,-0.7919485134671825,-0.8392840193727291
10088,-0.9377465100251428,-0.9668666159093842
10089,-0.7352870157522748,-0.8198533141015071
10090,-1.020705845928931,-1.0339001300104487
10091,-1.0554419737453609,-1.143881577112281
10092,-0.7107489968455115,-0.8605883472181353
10093,-0.6113157577292864,-0.6901167424835315
10094,-0.626047783260104,-0.6498657007884481
10095,-0.7266545110894728,-0.7359592245788791
10096,-0.650191393933555,-0.6629672788640661
10097,-0.6184252962585568,-0.7003540395096635
10098,-1.014860059863837,-1.0779793820090495
10099,-1.0508232329242913,-1.0355947313723306
10100,-2.778821222922381,-2.380674334635303
10101,-1.3166609152342923,-1.241722471255386
10102,-1.1731815384339916,-1.0684098301947986
10103,-1.4561835686365765,-1.4214346594391218
10104,-1.4150592623085811,-1.2129550176849102
10105,-0.8203911504080129,-0.7912167592472725
10106,-1.3422160440561723,-1.1548959727528079
10107,-1.0620549159456594,-0.9942774685398263
10108,-0.6459222810212956,-0.6224313149365178
10109,-0.6826037109634022,-0.5509993919556943
10110,-0.9272510891868956,-0.8061070003655739
10111,-1.0531999945640564,-0.9954464975049102
10112,-1.902531955923353,-2.111272069160858
10113,-1.072514810303385,-0.8798884776938367
10114,-0.825477397069335,-0.7120284775569703
10115,-1.5979307260778215,-1.4456383105882176
10116,-0.9735097338755926,-0.9102997717207564
10117,-1.286276797915614,-1.2138218436500754
10118,-1.292940942720435,-1.2028534164871802
10119,-2.571452547203411,-2.2752339322595274
10120,-1.4270349947305827,-1.2831199490816665
10121,-0.7414047745771186,-0.6632581539604605
10122,-1.036213457584381,-0.9196738186060456
10123,-1.0370930534924647,-1.0759937246854134
10124,-1.3483540984087212,-1.0925580918538873
10125,-0.4833139245824296,-0.47577996657606325
10126,-0.701612487319828,-0.6792124996810331
10127,-2.344931638759116,-2.1753229317783944
10128,-1.802671449525016,-1.7614506843420141
10129,-1.323425677087572,-1.2034013961549097
10130,-0.8642061036080122,-0.7355217163850223
10131,-1.4552409251530964,-1.3256196250831587
10132,-1.2174814706668258,-1.1859105550803095
10133,-0.6944880066439509,-0.6068880672959566
10134,-1.1383423352426336,-1.0642695832963165
10135,-0.7881926575372386,-0.7629602406019278
10136,-0.9246789758855646,-0.9365598720454003
10137,-1.256195130274277,-1.224618519915276
10138,-0.7556616086659469,-0.6850262928094393
10139,-1.5235141765239626,-1.4328909345163503
10140,-0.6305787737552936,-0.6582009433832068
10141,-0.6844819922779881,-0.5639611069262805
10142,-1.2748645082000614,-1.220892812646437
10143,-1.4576611213905866,-1.3646971316232581
10144,-1.3581396667286754,-1.2105209572485434
10145,-0.9265507692471148,-0.8507091252049618
10146,-1.182712651681209,-1.0128026794014848
10147,-0.8105181954627814,-0.7064049358849713
10148,-1.0411081739834376,-1.077105879785648
10149,-0.4331658544825084,-0.4055980831693631
10150,-0.8445576233789325,-0.7648507496878686
10151,-1.5876919271409973,-1.5830977881812665
10152,-0.9641898510067962,-0.9151266304439285
10153,-0.8227371494899425,-0.7583910274186586
10154,-1.0661079613491893,-1.0445400592375753
10155,-0.6208869389125279,-0.6387570874148555
10156,-1.0514141561449035,-0.9787686937582385
10157,-1.004929410394772,-0.9780745773307589
10158,-1.1750904247164726,-1.0135717095905574
10159,-0.7819430003563563,-0.801033981808744
10160,-1.2744692850482555,-1.1749627344406295
10161,-1.121321857906878,-1.0789506694674265
10162,-1.198304185271263,-1.1517642023290304
10163,-1.0553861996158955,-0.9574350778704002
10164,-0.9647535865123456,-0.8620087048265408
10165,-0.4658465528080606,-0.4248397943132888
10166,-0.7648637599723284,-0.7209078130956292
10167,-1.0613489954970603,-1.0020241894349282
10168,-0.7664095625396847,-0.7447959083911118
10169,-0.9355258618214334,-0.7836906389273033
10170,-0.6058729309884329,-0.512711255774682
10171,-0.7707565061805784,-0.6545676912842845
10172,-0.8486839666658518,-0.7740232645704909
10173,-0.9653793508186936,-0.8451465678269673
10174,-1.1981516316928695,-1.127932945403778
10175,-1.886222964838932,-1.7566974575119836
10176,-1.5647833937092832,-1.3646248364894333
10177,-0.8628722675262935,-0.8513865973735499
10178,-2.306676810437983,-2.075195760710584
10179,-0.618287053975192,-0.5798407066950425
10180,-0.7176088991091233,-0.6449333968112962
10181,-0.5983810156814812,-0.6266948706200929
10182,-1.7208108855772388,-1.6679409637003613
10183,-0.4808863704854791,-0.4568993748741545
10184,-0.568355123202006,-0.5246848151854173
10185,-1.111296672229619,-1.0000956381452932
10186,-3.602597168513707,-3.1174394244999197
10187,-1.0065193893387914,-0.8949332782034383
10188,-0.9465162504551022,-0.8883740514901138
10189,-0.9938660750695324,-0.9480711317663041
10190,-2.2581530031950576,-2.126970831731053
10191,-1.5764103378019023,-1.468930679162578
10192,-0.7067534476518631,-0.7089605642346047
10193,-0.5143100173454586,-0.4474658575917327
10194,-0.8742001167563505,-0.8946426584248298
10195,-0.8282329281792045,-0.7052653835531909
10196,-1.048582351484964,-1.0477133163427763
10197,-0.5262616872787476,-0.49452338487626457
10198,-0.8195995260030031,-0.7595766165017328
10199,-1.0310629375221194,-0.925592490958272
10200,-0.7637642464896505,-0.7956013553781887
10201,-0.9231207504354674,-0.9284576198209927
10202,-1.0057186442752215,-1.0431858645829408
10203,-1.0774336240088294,-1.078471945183353
10204,-0.9744486439135648,-0.9931032138758863
10205,-0.8467023548229721,-0.856743800588688
10206,-0.6044881500939067,-0.6172280935007696
10207,-0.9651478288709656,-0.9734908570485964
10208,-1.2138428429300472,-1.1969195662042116
10209,-1.100980281829834,-1.1045869764453549
10210,-1.1339517683945886,-1.1502152064859692
10211,-1.6108152669864697,-1.6443324587039705
10212,-1.873774026121412,-1.9492494467384938
10213,-1.22628567160153,-1.2469617712886627
10214,-0.645140948221665,-0.6630176057084263
10215,-1.048188228160143,-1.0974142883656013
10216,-0.9708841530851616,-0.9872575995176138
10217,-1.0081830024719238,-1.0227918426374767
10218,-0.857671721961147,-0.8754994913986192
10219,-1.0191874467125237,-1.0089791338889618
10220,-0.8423873084460118,-0.8662663033330874
10221,-0.7754792437072873,-0.8108662509215147
10222,-0.9301970319230428,-0.907289884626394
10223,-1.1916253113931463,-1.1867752795715387
10224,-0.863926978998406,-0.8399167401463636
10225,-0.3956033561983679,-0.408002863878647
10226,-0.8679667618847633,-0.8046786368130847
10227,-1.0788945125979046,-1.0871872779472946
10228,-0.8806558200555255,-0.8886510409182908
10229,-1.033498493275901,-1.0384810366643664
10230,-1.2116059656291045,-1.2184620785638554
10231,-1.1114362376604894,-1.094125521621386
10232,-1.2887839956801066,-1.3428378790955684
10233,-0.8186903360278107,-0.8296137905868862
10234,-0.9174402443937552,-0.9171420189021717
10235,-0.8717565019001332,-0.9138840754634238
10236,-0.8073201527198156,-0.8450993711056964
10237,-1.0337743731432183,-1.1033118364663677
10238,-0.8333579754644587,-0.8120505991522515
10239,-0.8817940100218898,-0.9024383010293794
10240,-0.6393345227608314,-0.6493411060263721
10241,-0.7923167186189991,-0.8204826249745976
10242,-1.044545434242071,-1.058729332310391
10243,-1.2555746459221655,-1.2346402582878735
10244,-0.941156829974448,-0.992293863385729
10245,-0.8347583112790603,-0.8365690307663289
10246,-0.8597196884981291,-0.8376127940637381
10247,-1.1634849513223928,-1.195262555300881
10248,-0.8590655077335446,-0.8762790825843345
10249,-0.876836287882901,-0.9370311923977729
10250,-0.9282592276270076,-0.9207484375661765
10251,-1.1222096478292185,-1.1897901842919947
10252,-1.0063513129256492,-1.0562581185162592
10253,-1.2877889104591784,-1.2950129817810065
10254,-0.899694888166679,-0.9671607384025238
10255,-0.6453279284543769,-0.6489890915576468
10256,-0.969616594240647,-0.9876814115492732
10257,-0.9889145193173904,-0.9106778071602696
10258,-1.124450956204141,-1.1654069413739994
10259,-0.8917905240095862,-0.9690917369892971
10260,-1.228465764097465,-1.2546412697179024
10261,-1.0050724291986273,-1.0310515789562742
10262,-0.8803624903508859,-0.9173167512771712
10263,-1.5088256763857464,-1.4757453515387968
10264,-1.0174668238713191,-1.00722787169477
10265,-0.5092295944228653,-0.51076625953779
10266,-1.0858824299287426,-1.1079874775594776
10267,-0.7797751519107079,-0.7484431165599801
10268,-0.8392986650614775,-0.873379042771738
10269,-0.7346228776976119,-0.77184302455315
10270,-1.019457874372024,-1.0724528264505417
10271,-1.1078952763431755,-1.1291609904653193
10272,-0.97718388350435,-0.9926050793582176
10273,-0.8249336878458658,-0.8499528473857657
10274,-1.0342255156169566,-1.1236269106869945
10275,-0.7993703700799858,-0.829364119328368
10276,-1.3328765492106591,-1.3630242551063285
10277,-0.935119020846463,-0.9578861866674324
10278,-0.998052816058314,-1.0583887236448202
10279,-1.061746424537594,-1.0674600592589383
10280,-0.8531764006429865,-0.8516244086536301
10281,-0.8428222985230676,-0.8508877849095727
10282,-0.998908562253612,-1.061998217984308
10283,-1.2374693561894026,-1.2643530752684282
10284,-0.6284015662265274,-0.6853784636632687
10285,-0.9512172613957132,-0.9726486279379615
10286,-0.7489883040272912,-0.7526795651103412
10287,-0.7433561788972958,-0.7908470332913882
10288,-0.9806119369906048,-0.9362794892853482
10289,-0.7775354588678641,-0.7895607171532829
10290,-1.0038406719533048,-1.0232315447458293
10291,-1.011795997619629,-1.09072689320175
10292,-0.7732830953228381,-0.8393475625679687
10293,-0.6121611798456473,-0.6459008907096964
10294,-0.5836166128327575,-0.6360319692405895
10295,-0.7521523717761964,-0.740655175748409
10296,-0.6888669609099396,-0.6488833100013208
10297,-0.6228430243425591,-0.6522436606029739
10298,-1.0379871129989624,-1.0473464116897642
10299,-0.9870691401089808,-0.992153097245783
10300,-2.689149218447068,-2.588188259701164
10301,-1.245869332505751,-1.2924987768181821
10302,-1.0685939289802728,-1.1201299689210273
10303,-1.3439139127731323,-1.5232970813372413
10304,-1.487774524195441,-1.2117917574565387
10305,-0.804481867671937,-0.8053124727876958
10306,-1.2947661633394203,-1.2168610684183114
10307,-1.020178010297376,-1.0096243601759243
10308,-0.6497075391370196,-0.6646757486308646
10309,-0.6503319769729803,-0.6342968974557629
10310,-0.8948630026408604,-0.8673007677866713
10311,-1.0547009110450745,-1.0505843885783348
10312,-1.873774026121412,-1.9492732853242214
10313,-0.9571337783059408,-0.9064557727895407
10314,-0.8499098122119904,-0.8426844358911859
10315,-1.5356985363695357,-1.4704004281115566
10316,-0.989105623960495,-0.9625893563854839
10317,-1.2492370956627898,-1.2511534658519043
10318,-1.2122773589759035,-1.2513798858725342
10319,-2.52452368627895,-2.3977114720757315
10320,-1.4235306336329534,-1.3440098500339495
10321,-0.7465688350588776,-0.6892951947991618
10322,-0.9419658518419032,-0.9471268435788588
10323,-1.0124031591785043,-1.1117602764867849
10324,-1.1956138934275902,-1.2047094294986007
10325,-0.4711614532988201,-0.4843585462333858
10326,-0.6401059026865996,-0.6890978158836915
10327,-2.3018439334371816,-2.2440793128422865
10328,-1.7603500797635032,-1.8538846564625457
10329,-1.3830382934323064,-1.2914835804017148
10330,-0.7907258998602629,-0.7998395088330152
10331,-1.5857933980447274,-1.385151617488822
10332,-1.2185294777154922,-1.2178563056109042
10333,-0.667504689656198,-0.6269670257211717
10334,-1.0867665294528932,-1.0858919950849129
10335,-0.7531537159468776,-0.7704951004699161
10336,-0.8872096186334436,-0.9781060906463965
10337,-1.1801361723463664,-1.2581757914429312
10338,-0.7169702344053374,-0.7274215281715751
10339,-1.4862824373467023,-1.4969615200192146
10340,-0.6356836988375737,-0.6498908931036701
10341,-0.6566893370576607,-0.6041068066640525
10342,-1.2492922747782034,-1.3051129040886333
10343,-1.3821430927099183,-1.3972999433819373
10344,-1.352386403828859,-1.321153857609395
10345,-0.8969342904165387,-0.8650905432588561
10346,-1.1265751538069353,-1.118391745957172
10347,-0.7422335850175961,-0.7389248775595673
10348,-1.0317273395402091,-1.0416092587815204
10349,-0.425646758791226,-0.4214093333844531
10350,-0.8114504804834723,-0.8388224518571396
10351,-1.515816095263459,-1.5745952652440818
10352,-0.9461513175520786,-0.9650886355268258
10353,-0.7988543131554774,-0.7998304908939935
10354,-1.040373556315899,-1.0704676029407914
10355,-0.6293304818017142,-0.6499540708003868
10356,-1.0574653703112935,-1.0847709649172503
10357,-1.0139803396638971,-1.0105325783600996
10358,-1.1020305305719376,-1.1077130092440226
10359,-0.7757739494244258,-0.7944665355629723
10360,-1.2476917052453802,-1.1723025817891672
10361,-1.0834636883810165,-1.113755140579819
10362,-1.1632770955562592,-1.1946328624607905
10363,-0.991522690281272,-1.01107865226727
10364,-0.8743964763788077,-0.9165233854218923
10365,-0.4413778404904227,-0.4481157325150962
10366,-0.7014541108478871,-0.7384306637903714
10367,-1.011611061502797,-1.0303085918260102
10368,-0.7663826711418092,-0.7583797128649938
10369,-0.8939048144244408,-0.859471023136132
10370,-0.5911857078945826,-0.5925012252183175
10371,-0.6921999583872713,-0.7276983487687014
10372,-0.8240901779155342,-0.8359593261939582
10373,-0.9179349644109608,-0.9181086813865346
10374,-1.223233820062823,-1.1663832404590126
10375,-1.8555375714051097,-1.871796715950357
10376,-1.4903339360889636,-1.4693381395055696
10377,-0.8009914330073765,-0.8299475410257489
10378,-2.2267328211755464,-2.278832400943002
10379,-0.6183559742840854,-0.6089830766937165
10380,-0.6951801398003749,-0.6861955006953699
10381,-0.5960798799529556,-0.614593570989887
10382,-1.654220005338506,-1.6991394997024294
10383,-0.4423455021598122,-0.4678892457305767
10384,-0.5355039596557617,-0.5251302088647297
10385,-1.065336972244026,-1.0445364025018962
10386,-3.126082789330256,-3.296182580213599
10387,-1.0084413010627031,-0.9762860530705344
10388,-0.9077116722284362,-0.9105546493074307
10389,-0.949875213684292,-0.9855439340041554
10390,-2.128627253615338,-2.3202955266272003
10391,-1.5120478176301526,-1.5960342042374176
10392,-0.6817961364984513,-0.6935263417213119
10393,-0.5036975999516765,-0.5045688279233758
10394,-0.8640655500944271,-0.9107525168102469
10395,-0.7723757131025195,-0.7602048638960571
10396,-1.0708553726358931,-1.0863327688700415
10397,-0.4915770486343738,-0.49323111675351794
10398,-0.7803792729973793,-0.8010189521114471
10399,-0.9188715968021128,-0.9609679738201677
10400,-0.7894448060397954,-0.7949290207053321
10401,-0.89961403094489,-0.9227317467420436
10402,-1.0227008124654606,-1.0391828337006197
10403,-1.0318306619806807,-1.0742627276881809
10404,-0.9583933833957644,-0.9915357811063678
10405,-0.8100538928379384,-0.8523718249420388
10406,-0.6030552775360817,-0.6142265414570451
10407,-0.9028942095216854,-0.9669025203788759
10408,-1.23015323997468,-1.188868292220567
10409,-1.1519714076389638,-1.104342482365946
10410,-1.1713042952293573,-1.1454998710322892
10411,-1.6772080751565783,-1.6424356738738735
10412,-1.9049610580716807,-1.944373976241263
10413,-1.2318135568352997,-1.2404980339428964
10414,-0.6332750634629597,-0.6563411621407396
10415,-1.0549029549583793,-1.0969173008308313
10416,-0.9885700090911036,-0.98425802318376
10417,-0.9905604373577028,-1.0174111939336852
10418,-0.8788949944252191,-0.870204468083504
10419,-1.042034573333208,-1.0040700908089777
10420,-0.8307983736659206,-0.86045261171257
10421,-0.8032492140466853,-0.8035626485125444
10422,-0.8914434780446134,-0.9033303305068339
10423,-1.199515235516452,-1.183075257515895
10424,-0.8673841066138689,-0.8261904635291997
10425,-0.3929055949561616,-0.4092886559061707
10426,-0.8517973783404328,-0.7939451786693115
10427,-1.0782866681268972,-1.0838989880783174
10428,-0.9116939731346544,-0.8843124702366177
10429,-1.0134471118912216,-1.0305141825610844
10430,-1.186442896377209,-1.2135326509191586
10431,-1.0851477467736532,-1.087246897813495
10432,-1.2745393006376518,-1.3368824839404916
10433,-0.8098471562067667,-0.8248762077409363
10434,-0.9073719636414402,-0.9107825043240053
10435,-0.8877120858939119,-0.9072622823311545
10436,-0.7959906329711278,-0.8410935899076227
10437,-0.9795353070710056,-1.1005772538242764
10438,-0.8638642767603083,-0.8100302304433509
10439,-0.919629648674366,-0.8973514612467287
10440,-0.6309055630977337,-0.6493395611113579
10441,-0.796127065207607,-0.810659923710522
10442,-1.0155234817386598,-1.0493496499755999
10443,-1.2416703617850016,-1.2252632983727483
10444,-0.9082861103752788,-0.9879246296152745
10445,-0.8271837622620338,-0.8322206820131656
10446,-0.8479199738014401,-0.8292061403364631
10447,-1.1685329971387404,-1.1883988611534004
10448,-0.8976411800975947,-0.8700368175245299
10449,-0.8611483527708423,-0.9364210549504253
10450,-0.9259699564571529,-0.9118136696734713
10451,-1.1104328207267349,-1.1858513148447671
10452,-1.0346730420755783,-1.05386464026646
10453,-1.253667292668838,-1.2905559784155598
10454,-0.8855307684388272,-0.9614244283464038
10455,-0.6572573018628497,-0.6453273140850561
10456,-0.985643189082774,-0.9805887846743898
10457,-0.950296817823898,-0.901878122266596
10458,-1.1010437852652497,-1.1608866952551908
10459,-0.8998141325721445,-0.9649392734564637
10460,-1.2318701439125592,-1.25049721288124
10461,-1.012469999549925,-1.0258665278188581
10462,-0.8742329797079397,-0.915922250988045
10463,-1.4792041353477063,-1.4716498916927534
10464,-0.993365161235516,-0.9998889862358397
10465,-0.5299945348917052,-0.5068122161588743
10466,-1.083372123481691,-1.1036341478258223
10467,-0.7411012686500253,-0.7420609860284795
10468,-0.8844890354215637,-0.8667578612821253
10469,-0.7474924806476564,-0.7642712183207729
10470,-1.043994152268698,-1.072871105761844
10471,-1.1283994229264962,-1.1219727956810492
10472,-1.0042907175167586,-0.9883717094176288
10473,-0.8353354219318361,-0.8436158690405416
10474,-1.022416679434074,-1.1190624889706695
10475,-0.7927111081317463,-0.8255804687973197
10476,-1.3361386873925378,-1.3582969102637779
10477,-0.929625152617462,-0.9547705421159991
10478,-0.9838251771852952,-1.0540357867686836
10479,-1.0804052191265558,-1.0654562865637427
10480,-0.8942592134771421,-0.8446363056350946
10481,-0.8433546206747838,-0.8473719411984348
10482,-0.9865170319875082,-1.0598039684359952
10483,-1.2766977234404215,-1.261562405284295
10484,-0.6476789859105956,-0.6853552571961123
10485,-0.9748196897580642,-0.9657160517623747
10486,-0.7286141168239505,-0.7453998908103289
10487,-0.7640638185101886,-0.7866936330276726
10488,-0.9866403424462606,-0.9334650200963488
10489,-0.7936534613601921,-0.7854408473421685
10490,-1.0299530398938084,-1.0205917963174393
10491,-1.027353932691175,-1.0854460650522055
10492,-0.8237358534982963,-0.8371401836636063
10493,-0.6044716992119487,-0.6399290312521126
10494,-0.5941677938533735,-0.6375596620987376
10495,-0.7926695485447728,-0.7325058003819206
10496,-0.6782312716624533,-0.63727210005374
10497,-0.6496950960898584,-0.6445156727220038
10498,-1.025368372599284,-1.0430617800243822
10499,-0.980081887208214,-0.9884608167239621
10500,-2.711375215474297,-2.606653310636843
10501,-1.286062294198561,-1.3006892183610395
10502,-1.0990990668304206,-1.126401386135766
10503,-1.4317049688763088,-1.533778629505697
10504,-1.5498807389160685,-1.2141971717676927
10505,-0.8050159178963003,-0.8077273794054608
10506,-1.36750620238635,-1.2209372957605917
10507,-1.0494429020918616,-1.0117750907427965
10508,-0.6635051808615987,-0.6660799500087151
10509,-0.7283512618806627,-0.6377540116404229
10510,-0.9077051287605648,-0.8698560684758074
10511,-1.1199141105016073,-1.0571681360936582
10512,-1.905975648335048,-1.9443739721662234
10513,-0.9791356158810992,-0.9135535418864822
10514,-0.8834379017353058,-0.8497476468547668
10515,-1.556850767797894,-1.471312411182195
10516,-1.0042886714140573,-0.9671447806561931
10517,-1.2895776892817297,-1.254133521900203
10518,-1.2329315234874856,-1.2591157391502978
10519,-2.5959667671810496,-2.4196099880666737
10520,-1.3665937987657697,-1.350216585421275
10521,-0.759231546128443,-0.6920436768189999
10522,-0.9763154736379298,-0.9562513086333932
10523,-1.0349558397781018,-1.1177924789754126
10524,-1.1511972514233848,-1.2205932873562173
10525,-0.4703827643579291,-0.48571593298434984
10526,-0.6556131904439408,-0.6923424268912988
10527,-2.400378247965937,-2.26396548962639
10528,-1.8800431546710787,-1.8571518898462744
10529,-1.372700814847593,-1.2966422068553565
10530,-0.833688578568399,-0.8061371747124245
10531,-1.5809297649948686,-1.3823054613293455
10532,-1.2257233196869493,-1.2226867454011545
10533,-0.693260794505477,-0.629217653607865
10534,-1.1439937972283178,-1.0910986018893365
10535,-0.8038400716559831,-0.7701040729928492
10536,-0.9290532645854084,-0.9836735813667503
10537,-1.1854411483735077,-1.265773848464406
10538,-0.7564605164715624,-0.7322461702196047
10539,-1.4990160797917569,-1.5018474934841624
10540,-0.6247611311765817,-0.6499460046697408
10541,-0.6891808389693268,-0.6077872962768915
10542,-1.2872907708781631,-1.3169774833893748
10543,-1.3891990693040597,-1.401288885367428
10544,-1.4089351100847125,-1.331078929343054
10545,-0.898112672381103,-0.8669519770271195
10546,-1.1889579261558645,-1.1249479847834127
10547,-0.8383908715359,-0.7447579858493522
10548,-1.051735899278096,-1.0363218513980967
10549,-0.4365042074402766,-0.42257216363784267
10550,-0.8361942926421762,-0.8447187948930479
10551,-1.5180841961572336,-1.5804889636506416
10552,-0.9694122806075932,-0.9698393397203553
10553,-0.8189541849979135,-0.8057597067160385
10554,-1.0749676814302802,-1.0726113567617295
10555,-0.62900329771496,-0.6509100384857678
10556,-1.10112464427948,-1.0886235105682984
10557,-1.019481728243273,-1.0131553943933371
10558,-1.133367664180696,-1.1146121454611568
10559,-0.7850648015737534,-0.7942915172309655
10560,-1.2541899468547617,-1.1753982804482583
10561,-1.1060895519331098,-1.119508290036577
10562,-1.1821445509791375,-1.2016159722784794
10563,-1.0357846515253186,-1.0161478439670701
10564,-0.9008424749741188,-0.9200027822314203
10565,-0.4867853089275523,-0.4504692674104153
10566,-0.7438659834307294,-0.7400060143938706
10567,-1.0442520666492077,-1.0339370237588623
10568,-0.7776601046554802,-0.7600027707614317
10569,-0.9180239771687708,-0.8663212162852564
10570,-0.6241952634993053,-0.5976308138795229
10571,-0.7359451536060304,-0.7345848456342688
10572,-0.8860692904919995,-0.838207925340682
10573,-0.9187964349985124,-0.9232103688229911
10574,-1.22708087473844,-1.168277202724934
10575,-1.931732322040357,-1.8795602247942593
10576,-1.5023268398485683,-1.4786589244487864
10577,-0.8535849291180807,-0.8311273856408153
10578,-2.3145076180949355,-2.3004715913551097
10579,-0.6220548066225919,-0.6107509234110859
10580,-0.727193087570427,-0.6870959179911144
10581,-0.6190693175145822,-0.6138312355465597
10582,-1.66929774044096,-1.706662974083663
10583,-0.4724592382257634,-0.46958294346039875
10584,-0.5392712847391764,-0.5265099952739911
10585,-1.098487608192503,-1.0445307865986457
10586,-3.2986960921968733,-3.324324257334206
10587,-1.0360186826437712,-0.9799409445440783
10588,-0.9237191261247149,-0.9131519195789772
10589,-0.994813772516513,-0.9887467339537438
10590,-2.147268906883572,-2.3437960686306005
10591,-1.537965243862521,-1.6096668478022826
10592,-0.7027637153863907,-0.6950663379215337
10593,-0.5204940799653061,-0.5088099926569123
10594,-0.8386626992114755,-0.9112238930893444
10595,-0.8195852711796761,-0.7664066460866911
10596,-1.0949461829754734,-1.0881356738193364
10597,-0.5067356898803119,-0.49551932333460474
10598,-0.8396740639582276,-0.8032220225960304
10599,-0.936024223187173,-0.9653357656235978
10600,-0.7602811506552289,-0.7949290143676847
10601,-0.9029029669432804,-0.9227317970124023
10602,-1.0208449391431589,-1.0391828591256524
10603,-1.065664018771445,-1.0742628052600576
10604,-0.9592557886774226,-0.9915358639225722
10605,-0.7987088778222254,-0.8523718553057045
10606,-0.5977476881456005,-0.6142266027636588
10607,-0.8823904196421305,-0.9669025277598216
10608,-1.2409014831217684,-1.1888682938249229
10609,-1.1751076925632566,-1.104342570759209
10610,-1.180086992507757,-1.1454999432985242
10611,-1.6531076378874727,-1.6424356395044943
10612,-1.9155441267149789,-1.9443742411412341
10613,-1.2263939390417005,-1.2404981146970713
10614,-0.6317832007888675,-0.6563411861326777
10615,-1.034972595050931,-1.096917316881606
10616,-0.9789829864058384,-0.9842580597871634
10617,-1.0037474234898884,-1.0174112161849
10618,-0.8875658549079599,-0.8702045272978726
10619,-1.050760867983796,-1.0040700880978461
10620,-0.8447055872096572,-0.8604527546612991
10621,-0.7820507731548575,-0.8035627105180146
10622,-0.9093425005905388,-0.9033304152183695
10623,-1.2031558521034182,-1.1830752629936645
10624,-0.8811605900757072,-0.8261904934494662
10625,-0.3938014201628856,-0.4092886862544009
10626,-0.8351786386135013,-0.7939451366304845
10627,-1.0849952623825665,-1.0838990195756177
10628,-0.923726050428642,-0.8843125452176029
10629,-1.0516638524772586,-1.0305143432762163
10630,-1.2017689860144327,-1.2135326860750417
10631,-1.0969747757726862,-1.0872469636722433
10632,-1.2970377012740737,-1.3368825106484736
10633,-0.7939127313998319,-0.8248762549863545
10634,-0.92430088501568,-0.9107825516708457
10635,-0.8787674062935881,-0.9072622971072302
10636,-0.8063395569721857,-0.8410936810195816
10637,-0.971978178320005,-1.1005772943954308
10638,-0.8382084933362266,-0.8100302295201307
10639,-0.869818275289018,-0.8973513930652544
10640,-0.6292371804897602,-0.6493395902556288
10641,-0.804984547371088,-0.8106600131574568
10642,-0.9969178465909736,-1.0493495993383235
10643,-1.240208483481592,-1.2252632829880834
10644,-0.8864106189372928,-0.9879246545649537
10645,-0.8425177612970042,-0.8322207619325229
10646,-0.8543266255085863,-0.8292062277499416
10647,-1.1648324561673542,-1.1883988494624702
10648,-0.8644344390824784,-0.8700368616207571
10649,-0.8791817315789157,-0.9364211490758555
10650,-0.9374008382013602,-0.9118136824035037
10651,-1.120502933975338,-1.1858513997445084
10652,-1.022167591161506,-1.053864662198905
10653,-1.2756414829298508,-1.2905559355973033
10654,-0.8625954749972321,-0.9614243591996136
10655,-0.6676961756491846,-0.6453273595300035
10656,-0.9791349107904952,-0.9805887790109076
10657,-0.9496097084163696,-0.9018781153513904
10658,-1.1297837006029232,-1.1608868067965514
10659,-0.8908439089161481,-0.9649393026499201
10660,-1.2079853226048078,-1.25049721890415
10661,-1.0324671259222105,-1.025866578449374
10662,-0.8859091470407885,-0.9159222411327872
10663,-1.478561939195145,-1.471649932067904
10664,-1.0018710649930511,-0.9998889351953162
10665,-0.5599773669427679,-0.5068123020565726
10666,-1.0961351579473924,-1.1036342309206886
10667,-0.7253329920214276,-0.7420609970167032
10668,-0.893657039302264,-0.8667578689381156
10669,-0.7562980439311774,-0.7642713166654436
10670,-1.0348183794539103,-1.0728711439447038
10671,-1.1338635886362356,-1.1219727857863566
10672,-1.0087407217469326,-0.9883717375435888
10673,-0.8484844597735146,-0.8436159227016601
10674,-1.0105501866155815,-1.1190625112809376
10675,-0.7815419002971818,-0.8255804727887526
10676,-1.350503489028576,-1.3582969711549084
10677,-0.9335184513136398,-0.9547706436365113
10678,-1.002212682435679,-1.0540357384200771
10679,-1.0671773573099557,-1.065456311259284
10680,-0.9032251899556596,-0.8446363054853271
10681,-0.851103240205336,-0.8473719908450444
10682,-1.0022194431733715,-1.0598040104430462
10683,-1.296803685121758,-1.2615623702362007
10684,-0.6536940482427489,-0.6853553091736319
10685,-0.9762215152267336,-0.9657160431646538
10686,-0.7362425770870474,-0.74539993714668
10687,-0.7429822526236837,-0.7866935905249735
10688,-0.9904587278070376,-0.9334650295157809
10689,-0.7729714351106983,-0.7854408475455192
10690,-0.9879121152005454,-1.0205917399077558
10691,-1.0246016008909358,-1.0854460445872143
10692,-0.8103568045667899,-0.8371401385919593
10693,-0.6142348993656247,-0.639929055995765
10694,-0.6372498379477972,-0.6375596565327346
10695,-0.7807133558184601,-0.7325057479923375
10696,-0.6560044029886408,-0.6372720346060273
10697,-0.6478934315747993,-0.644515638300888
10698,-1.0399893817975538,-1.0430618192851886
10699,-0.9390474105066108,-0.988460829725879
10700,-2.699349459479837,-2.606653332650651
10701,-1.229837362156358,-1.300688979269219
10702,-1.0388812020767566,-1.1264013325530977
10703,-1.3588680664698285,-1.5337783587593399
10704,-1.5745844717683464,-1.2141974596928222
10705,-0.7708492639452912,-0.8077274023174241
10706,-1.3058562303075985,-1.220937279890017
10707,-1.009695308153019,-1.011774961696721
10708,-0.6607478404229925,-0.6660799076212431
10709,-0.7297378925629604,-0.6377539665441215
10710,-0.8845195588611421,-0.8698561030131982
10711,-1.0769376595815023,-1.0571682167757055
10712,-1.916428123201643,-1.9443742419250523
10713,-0.8866872658101164,-0.9135534424473346
10714,-0.8518180418759584,-0.8497476046557341
10715,-1.491664730840259,-1.4713125069325959
10716,-0.983598479628563,-0.9671447425394769
10717,-1.2951529793037,-1.2541334091591267
10718,-1.190102838921821,-1.259115741542794
10719,-2.3176311471245508,-2.4196096032383205
10720,-1.3322064051261315,-1.3502164174874676
10721,-0.7221670501915983,-0.6920434897093625
10722,-0.9074503023449968,-0.956251159645938
10723,-0.97812721248745,-1.1177923493411983
10724,-1.0116555884827014,-1.2205932609738408
10725,-0.469724556272344,-0.48571595403340995
10726,-0.6243649795073871,-0.6923423297168749
10727,-2.164966671363167,-2.2639652610901546
10728,-1.8862464655013311,-1.8571518358588786
10729,-1.3119045518062733,-1.2966422127465995
10730,-0.7616789825260639,-0.8061370704166205
10731,-1.5623520701019853,-1.3823056060448928
10732,-1.205598495900631,-1.2226866287368825
10733,-0.65506402682513,-0.6292176275869202
10734,-1.05044009888819,-1.0910984628289593
10735,-0.779404691947523,-0.7701039650546624
10736,-0.9061265858736904,-0.9836735953607356
10737,-1.1286169373711874,-1.2657738411332133
10738,-0.7194710040655662,-0.7322461445168001
10739,-1.4659384461336358,-1.5018474619211226
10740,-0.6197766918402452,-0.6499460346311767
10741,-0.6160527680271356,-0.6077871995501077
10742,-1.2780328092649,-1.31697740513559
10743,-1.3568149038063464,-1.4012888357803142
10744,-1.3541721114888787,-1.3310786984995746
10745,-0.8834538832306862,-0.8669519302449271
10746,-1.1364227049592612,-1.1249478276011342
10747,-0.7500576649525369,-0.7447578203231295
10748,-1.052815135036196,-1.036322084454709
10749,-0.4276266453871086,-0.42257210811848467
10750,-0.8029671395197511,-0.8447187611985092
10751,-1.5069533956143284,-1.5804889095530288
10752,-0.8988120555877686,-0.969839236012601
10753,-0.7889450150866841,-0.8057595953422277
10754,-1.0435261568054557,-1.0726113069042515
10755,-0.6370746181124732,-0.6509101269079479
10756,-1.1072289879007855,-1.088623466067657
10757,-0.9898916529130566,-1.0131553228744723
10758,-1.0537778846919537,-1.1146119455293086
10759,-0.7749505887428919,-0.7942915507774925
10760,-1.2125507509985636,-1.1753981946094307
10761,-1.0394823718816042,-1.1195081777893512
10762,-1.1393416866660118,-1.201615911387425
10763,-0.9769053319469094,-1.0161477778960686
10764,-0.8212620597619277,-0.9200024377956759
10765,-0.4641944445096529,-0.4504692815395997
10766,-0.7072952653086463,-0.7400059889931725
10767,-1.0186465710632562,-1.0339369600878479
10768,-0.7765879788139994,-0.7600027174983951
10769,-0.868234261061794,-0.8663210389515678
10770,-0.5651642651784987,-0.5976307578407704
10771,-0.6857147595679113,-0.7345847656391433
10772,-0.8657703119881299,-0.8382078512183363
10773,-0.8662496590986848,-0.9232103523392978
10774,-1.1738761336402554,-1.1682771537891081
10775,-1.8756133631656045,-1.8795600286134195
10776,-1.4571473385158338,-1.478658978008606
10777,-0.8466089585470775,-0.83112730788422
10778,-2.160703044949156,-2.300471151045861
10779,-0.6091192267157814,-0.6107509461873051
10780,-0.700970165489256,-0.6870957445254365
10781,-0.6092447162598602,-0.6138313055223465
10782,-1.5925614316334096,-1.7066627451395506
10783,-0.4452459465373646,-0.46958293220570685
10784,-0.5162317832310994,-0.5265100473533562
10785,-1.0609361229016798,-1.044530571947877
10786,-3.1164895523162115,-3.324323775079271
10787,-1.0132455537095666,-0.9799408447139001
10788,-0.8861702930095584,-0.9131518026174734
10789,-0.9298096249956604,-0.9887466841012555
10790,-2.0579697930294536,-2.3437958976969084
10791,-1.4718570151636678,-1.6096667182637983
10792,-0.6870170831680298,-0.6950663762124032
10793,-0.5048220392287247,-0.5088099171402339
10794,-0.8324346237404402,-0.911223908193045
10795,-0.7762164594605565,-0.7664065721572556
10796,-1.0936798337818117,-1.088135649664758
10797,-0.4912748124248298,-0.49551926325440854
10798,-0.8167033437639475,-0.8032219941718942
10799,-0.8686148454976637,-0.9653356494353981
10800,-0.835314718327781,-0.8525275007889845
10801,-1.0035019979394717,-1.1340718122641735
10802,-1.1265898896742237,-1.18202665178742
10803,-1.1855869126874348,-1.1924773430433788
10804,-0.9836792936620786,-1.0339738953795206
10805,-0.900210651316384,-0.9629365566902311
10806,-0.6591183298317961,-0.7048979454170006
10807,-0.9254511225131132,-0.9840085886179981
10808,-1.3639338376910188,-1.4014926136078794
10809,-1.1262294331262277,-1.143866160097927
10810,-1.2081978145495866,-1.162406252296829
10811,-1.1500953278698764,-1.034729371773107
10812,-2.173495207514082,-2.4118476553236676
10813,-1.3285475001960505,-1.4432783467394414
10814,-0.685220343197963,-0.8184625741471933
10815,-1.0512257041409612,-1.1185226883772146
10816,-1.0639502909756446,-1.0941659825537746
10817,-1.0291361346725345,-1.0794620486425357
10818,-1.040168200352395,-1.0151546681054322
10819,-1.166628361672394,-1.1448576966679191
10820,-0.8939160857089731,-1.0006627229389113
10821,-0.9133769818978716,-0.9260722398191166
10822,-0.8569891563681669,-0.8309173602236927
10823,-1.1412794469862946,-1.2236528314901842
10824,-0.9217093342034391,-0.9064018971193079
10825,-0.3755050622499906,-0.3824109968359708
10826,-0.9242487563643343,-0.9385147827015814
10827,-1.1354082739630411,-1.0933235765423388
10828,-0.9706322610840316,-0.9870141469828128
10829,-1.1218667566314224,-1.2282729693746401
10830,-1.2628692758175757,-1.3309792785771573
10831,-1.165877808896146,-1.1971209293822747
10832,-1.406463155450747,-1.4336909959847268
10833,-0.7818491403446641,-0.8076833155759053
10834,-1.0374317437179328,-1.0654348176926722
10835,-0.9341857498006304,-0.9840726734089001
10836,-0.872173989812533,-0.9495211913684314
10837,-1.0842041950817256,-1.1847406919565873
10838,-0.8323591115862824,-0.9209020207962287
10839,-0.9679268561592398,-0.9730194008761688
10840,-0.6426265212205741,-0.676534958506774
10841,-0.9850480889165124,-1.0094668797098458
10842,-0.9898135560427526,-1.0867478793650935
10843,-1.3133596588474836,-1.2704761548128864
10844,-0.887201514354972,-1.0304093938444094
10845,-0.8850995006487351,-0.9229088470012908
10846,-0.8187443496674065,-0.8076811240344333
10847,-1.2149181338243706,-1.2917833697972294
10848,-0.9531729794287866,-0.9991502680065775
10849,-0.8647025546362234,-0.9145658572876354
10850,-1.0332951822946237,-1.0449842399100313
10851,-1.1200351964595705,-1.2623485745824083
10852,-1.1003628645756447,-1.193125771656672
10853,-1.286259233489517,-1.3106701250083619
10854,-1.061713458031647,-1.2459388915606222
10855,-0.7627534681512403,-0.7336422614129742
10856,-1.088854335999304,-1.0627009413960817
10857,-0.8977953740792681,-0.890951573987935
10858,-1.0976450480231943,-1.1640184095382604
10859,-0.9839753836624382,-1.0915225482982591
10860,-1.1551298198773878,-1.236390313014458
10861,-1.0276991775793622,-1.1465221096202303
10862,-0.9562261169270952,-1.0144537626433607
10863,-1.3963374952937282,-1.492671900543124
10864,-1.1241397958535415,-1.290071457403972
10865,-0.6672516275745953,-0.6711390923018697
10866,-1.1985161101171211,-1.2302271558451057
10867,-0.8185243615808413,-0.9797441276803558
10868,-0.9438756889151048,-0.9453627951263313
10869,-0.8440794186998707,-0.9732908018789014
10870,-1.0858895713968797,-1.1372226869488027
10871,-1.1840256822201634,-1.1949118993517802
10872,-1.038857059885365,-1.0975345175680307
10873,-0.9370531555294066,-0.9714102968324981
10874,-1.0380611456641855,-1.1256653301853947
10875,-0.8716836988398459,-0.9023828278178627
10876,-1.339338039242944,-1.3530023263898494
10877,-0.9683673067610392,-1.0203872012925046
10878,-0.9522456170976624,-1.1530868529056624
10879,-1.000559530015719,-0.984028688537909
10880,-1.0097309609716252,-1.0260881037849268
10881,-0.8675757092098857,-0.9191165328340275
10882,-1.0080773608629094,-1.1862818908453978
10883,-1.373581616453422,-1.4193912490260372
10884,-0.6711359383924952,-0.6710428804297363
10885,-1.0864877562190212,-1.1359796617524613
10886,-0.8250963863476303,-0.88662007211964
10887,-0.8858046947523605,-0.9340423797675356
10888,-1.018550298934759,-1.0270506645704325
10889,-0.7853081466615662,-0.8818589202655008
10890,-1.0293822316236274,-1.0578796323474746
10891,-1.1425376696180003,-1.2491712454683006
10892,-0.8034696671389794,-0.9028379961616841
10893,-0.6764787001203197,-0.7805463911327768
10894,-0.6033364021325414,-0.6720386796686002
10895,-0.8523941465126451,-0.7421834175537313
10896,-0.70632962570634,-0.7092668761054726
10897,-0.7353578926056854,-0.8009653998218035
10898,-1.0817707351935926,-1.1408950977685086
10899,-1.0364556238632794,-1.1205212213441358
10900,-2.528678732759812,-1.973502427843304
10901,-1.2917046214258947,-1.135474421673725
10902,-1.1214448841967324,-0.9639192492760319
10903,-1.299289600054423,-1.2190102642574097
10904,-1.445293323747043,-1.210717403569013
10905,-0.804996462755425,-0.7614676278081903
10906,-1.2623080574736305,-1.035902212134277
10907,-0.9761226953462112,-0.9627497710240908
10908,-0.6318032214807909,-0.5437848555578035
10909,-0.7001657956912194,-0.3946843013261499
10910,-0.8074131681805565,-0.6912431958902489
10911,-1.1288240075111389,-0.8842359471838662
10912,-2.173495207514082,-2.4119919604265476
10913,-0.9270293731098028,-0.8192290488676673
10914,-0.6963944518938661,-0.46388445439390175
10915,-1.6119792825645871,-1.399378720947471
10916,-0.9261024663845698,-0.8078758037239911
10917,-1.2281806016153145,-1.1411874386010816
10918,-1.1221644878387451,-1.101478106894714
10919,-2.382004055109891,-2.0150929771677966
10920,-1.3463252599422748,-1.1622227162859873
10921,-0.6320999518845433,-0.6113911203036573
10922,-0.8806890699921585,-0.8537663862327899
10923,-1.02709288005681,-1.0006792876720554
10924,-1.008028632910677,-0.8618603934356817
10925,-0.4566996772159902,-0.4578770804580365
10926,-0.6821426393449769,-0.6555541977630954
10927,-2.251700292462888,-2.01560277067792
10928,-1.9374953735442388,-1.589015218054604
10929,-1.2224986884329054,-1.035398363800544
10930,-0.7092390647158027,-0.6082847602734501
10931,-1.7618313983634666,-1.2234829138246766
10932,-1.212338532321155,-1.1196462368558213
10933,-0.66025913041085,-0.5666541034818617
10934,-1.1365307236826696,-1.0159276121136873
10935,-0.8486686002376468,-0.7500890667390508
10936,-0.900834718888456,-0.8516697027978813
10937,-1.0708601659582566,-1.1504626061789758
10938,-0.6341711517394059,-0.5999443434475754
10939,-1.4286415475283485,-1.3086434845732975
10940,-0.6390950294641348,-0.6730747290527982
10941,-0.5981141726175944,-0.48499382155447074
10942,-1.033919842668282,-1.0477648279179068
10943,-1.4373064447743025,-1.2987649820973557
10944,-1.296045613475144,-0.9932977771741884
10945,-0.9160494226962328,-0.8214424067295174
10946,-1.2129700702169668,-0.8107383694851459
10947,-0.7281541925992152,-0.6372990863766119
10948,-1.1937787107058937,-1.1505919501798252
10949,-0.4384154757456993,-0.37501417746862564
10950,-0.7979715075343847,-0.6209434271729356
10951,-1.4441486846568972,-1.5877966061892832
10952,-0.8355651992235997,-0.816544080688139
10953,-0.8300357613452646,-0.6730409703952858
10954,-1.1112825479358437,-0.9939609421324551
10955,-0.6669372433707828,-0.6168600162289759
10956,-1.022372194962908,-0.7808316456137723
10957,-1.010155395943989,-0.9148649127495257
10958,-1.0023821834474802,-0.8315154409268605
10959,-0.7956614623467128,-0.8131825874627429
10960,-1.221662630406461,-1.1741773125810264
10961,-1.021452511660755,-1.0058722448087307
10962,-1.1766422882676124,-1.0619400639519332
10963,-0.9546343591064216,-0.8516449800675816
10964,-0.8641536703476539,-0.7575138843354737
10965,-0.5377982049925715,-0.37866037648816203
10966,-0.7333769558012023,-0.6864963816405452
10967,-0.9279762506484984,-0.9445216381398431
10968,-0.7406940820605256,-0.7173958222181044
10969,-0.8424676203912542,-0.6348052302620542
10970,-0.4867952957985893,-0.359702326748793
10971,-0.5924445778824562,-0.5103908478244426
10972,-0.8197477861326568,-0.658374214823901
10973,-0.8003411069512367,-0.7044897812831034
10974,-1.1198981093094411,-1.0552397969545602
10975,-2.049484215284649,-1.5353231149371658
10976,-1.4627962601812263,-1.1591569766344938
10977,-0.9007666110992432,-0.8878889296563605
10978,-2.051748676733537,-1.6692895149020297
10979,-0.6144736658443104,-0.5241462276791978
10980,-0.6703844671101533,-0.5689639785983411
10981,-0.6388918595720631,-0.6498728441736432
10982,-1.646350903104442,-1.598169630298507
10983,-0.5458505695516412,-0.434046175487251
10984,-0.5780373493830363,-0.5213961895288497
10985,-1.0798648956210115,-0.9200314008714991
10986,-3.136150587172735,-2.7446676962747705
10987,-0.9670125488191844,-0.7417651964944364
10988,-0.9733008423516916,-0.843728892986904
10989,-0.9691772821846358,-0.8747810974215419
10990,-1.9236922834230503,-1.7362901237231838
10991,-1.4943605103800377,-1.2153496791504992
10992,-0.7149865001440048,-0.7339952288912897
10993,-0.4471381104837252,-0.33693512116164936
10994,-0.823003752287044,-0.864766499079548
10995,-0.7569667799398303,-0.595100033588717
10996,-1.0645106688950412,-0.9748801337343463
10997,-0.4985822965932447,-0.4927284220290904
10998,-0.840247169137001,-0.6809361225577744
10999,-0.967653009318566,-0.8539816741243995
11000,-0.8435966007469237,-0.8153706217588964
11001,-1.0415095686912537,-1.0966899642895778
11002,-1.1384436160094975,-1.1608048797640191
11003,-1.264232366584068,-1.2021505610255696
11004,-1.0471553211064302,-1.0391598702888376
11005,-0.9644647189813068,-0.9852001870898297
11006,-0.6896870820097221,-0.7054243776605991
11007,-1.0818858266800873,-1.167055981284541
11008,-1.4346286243246509,-1.4334819865395811
11009,-1.0894276652225228,-1.1117828721228777
11010,-1.3204268004543098,-1.2887707449782726
11011,-1.820002371138269,-1.7000779456195172
11012,-2.046008246285574,-2.09253605697418
11013,-1.392977173211145,-1.4368732034632
11014,-0.8013667163922805,-0.8591791907400375
11015,-1.0900672050192952,-1.112017922611583
11016,-1.0813070609588031,-1.075391975053904
11017,-1.1323392381963804,-1.1808764701574805
11018,-1.0328631909318673,-1.0310884411569916
11019,-1.1971581767695818,-1.153218635388761
11020,-0.967506763546966,-1.0370778003555325
11021,-0.9864006005516348,-1.0254629423306936
11022,-1.0163200890371042,-1.0236266232690423
11023,-1.3519236782724544,-1.2954898399215862
11024,-1.1930530875228171,-1.2432109499205488
11025,-0.3812218945250551,-0.37022498606274384
11026,-1.059091603109079,-1.1200290410993448
11027,-1.1982247940329618,-1.1838041161307948
11028,-0.9759360357772472,-1.016123501667137
11029,-1.2157573820084564,-1.2725549699220156
11030,-1.2816024833871411,-1.3632911928262101
11031,-1.2662059013233629,-1.2962253001813893
11032,-1.4611952970194262,-1.5178158361414258
11033,-0.9151541798613791,-0.9688091365177124
11034,-1.0487897738005765,-1.1039944705092306
11035,-1.0345077838084495,-1.1084332536882584
11036,-0.921520178516706,-0.9628016349590774
11037,-1.132203080857447,-1.183650626513463
11038,-0.8575643458107646,-0.8714187664455464
11039,-1.0259827846704528,-1.0519021051067245
11040,-0.6468516753270076,-0.6493881291311464
11041,-1.0605629756469137,-1.1090935081799713
11042,-1.1820341062176136,-1.334300671274712
11043,-1.405098697935888,-1.5101419879837352
11044,-0.9970971576927244,-1.120667008265415
11045,-0.9588474756063416,-0.9643355180042072
11046,-1.0500262365566464,-1.0846124931423642
11047,-1.333671898804894,-1.3969181417387622
11048,-1.053043423697006,-1.0596904682298287
11049,-0.9180881441101548,-0.9549642009983891
11050,-1.1567910808001378,-1.1832571898348598
11051,-1.267974293509195,-1.3055219065127657
11052,-1.1083312977192017,-1.126587276067853
11053,-1.4005067542541858,-1.425958634373915
11054,-1.0958453943563062,-1.13570351271077
11055,-0.799357762632444,-0.7565868330096702
11056,-1.1703589590944985,-1.196071661743292
11057,-1.12200455240501,-1.1692180169091528
11058,-1.229239631992902,-1.2982165072572793
11059,-1.0476518259492031,-1.0910986585363234
11060,-1.3433876388756805,-1.3764048250107894
11061,-1.128733080486919,-1.1834003497485202
11062,-0.9547713717748952,-0.9582876434184039
11063,-1.5514092972112257,-1.596072889600416
11064,-1.1739546748308034,-1.2228531965988878
11065,-0.6649441349413968,-0.6269493482096878
11066,-1.234188330265903,-1.2359001172009578
11067,-0.8968848803246668,-0.9359599811062164
11068,-1.029891572257345,-1.0679201345688154
11069,-0.8672065984371097,-0.9943023739531516
11070,-1.075840295747269,-1.06017298355538
11071,-1.261648406354032,-1.340350383391301
11072,-1.1114253119904869,-1.1169994904365685
11073,-0.9914775772612224,-1.036142703549081
11074,-1.1812745711600134,-1.2577334078650986
11075,-0.8808015289559828,-0.9405347148953306
11076,-1.4726835212042166,-1.5019253772294947
11077,-1.0074756468913353,-1.0494325004073026
11078,-1.0673972312794175,-1.1862864509079525
11079,-1.1675523691258187,-1.1263431352901296
11080,-1.0612441282863765,-1.0569451353342794
11081,-0.91732600955076,-0.9541858141956981
11082,-1.0917220827220946,-1.1264784245453798
11083,-1.3605532091717387,-1.346354468507977
11084,-0.7154763295965375,-0.6860652805121797
11085,-1.1203234112539957,-1.1763370327100622
11086,-0.9337126552596572,-0.9665593676703201
11087,-0.917644507201143,-0.9128822536382426
11088,-1.0413561902304953,-1.0189801787919912
11089,-0.910866564558458,-0.9106132633046856
11090,-1.1101525458254555,-1.1007897844734413
11091,-1.1355445810066638,-1.2458760206275459
11092,-0.8840976084849631,-0.9042079753249684
11093,-0.7629333521968634,-0.8213641628010783
11094,-0.5753896432586864,-0.5911528031786653
11095,-0.951706472293351,-0.9800907849210391
11096,-0.8814807076786839,-0.9900228844849353
11097,-0.8249346313550491,-0.8793033301429958
11098,-1.1515281616255295,-1.1732385321383905
11099,-1.0361961616102116,-1.1006350191973435
11100,-2.2784489112741806,-2.0456725463437246
11101,-1.1806388585142389,-1.0518537297326165
11102,-1.0044655106788458,-0.9358665650765312
11103,-1.2177668412526448,-1.2153214393310343
11104,-1.4874938644211868,-1.1411354790243589
11105,-0.7904105676237003,-0.7343633215550559
11106,-1.2185008282564125,-1.0971001570053691
11107,-0.9646905651388242,-0.9464328637181313
11108,-0.6311948835387711,-0.623415557783901
11109,-0.6205276044798486,-0.5327205425135355
11110,-0.8100852932248797,-0.7922168470905696
11111,-1.0771395881970725,-0.8571599073152681
11112,-2.0457441295896257,-2.093260147205171
11113,-0.8137293000553929,-0.6979129117957066
11114,-0.748489273712039,-0.6351511372837255
11115,-1.599077330695258,-1.4436072326970575
11116,-0.9001728743314743,-0.8287495597761306
11117,-1.1852682671805683,-1.1635915752722459
11118,-1.0593231998640915,-1.0240880545297877
11119,-2.1874699159102007,-1.7543163951362586
11120,-1.2207857164052816,-1.1616277616771444
11121,-0.6250864193421002,-0.6085296686396292
11122,-0.784393162262149,-0.6790387002574066
11123,-0.977986873582352,-0.9345246936913444
11124,-0.8734387464301531,-0.7380140785021418
11125,-0.4549553024676419,-0.44447737478832583
11126,-0.6422222436860551,-0.5937663062249675
11127,-2.0019602620083354,-1.6598078500137872
11128,-1.9474196888151625,-1.7578790471261159
11129,-1.178006315672839,-1.139902811664418
11130,-0.6354538965970278,-0.6147938867214477
11131,-1.6726658565026742,-1.468757009926447
11132,-1.1557663166895509,-1.075933037768001
11133,-0.6098652770742774,-0.560839949357526
11134,-1.0194470115410266,-0.9329110656151586
11135,-0.8432114503180334,-0.7819914110247662
11136,-0.8756722008640115,-0.814534360559409
11137,-1.065401835034984,-1.0349267720463584
11138,-0.6172679212149672,-0.5856646714245063
11139,-1.395291422688684,-1.3533957520127773
11140,-0.6450563522485586,-0.6482730428164863
11141,-0.5455646755159363,-0.49596081946415616
11142,-1.0010815932769184,-0.9565154051364863
11143,-1.3526893493741057,-1.2800951038107684
11144,-1.178254489786923,-1.0295449980257092
11145,-0.915705897845328,-0.8104000432923884
11146,-1.1873676569565483,-0.9257654528679302
11147,-0.6377679257429847,-0.567540276467322
11148,-1.177207137857165,-1.1969642330264183
11149,-0.456758084581859,-0.38724734877818756
11150,-0.7762751132249832,-0.6655813348330871
11151,-1.3719472192054571,-1.4014263754976164
11152,-0.8491504497306291,-0.8255030900899671
11153,-0.7681170748185742,-0.6256244006480309
11154,-1.0495501775294542,-1.0074840631321182
11155,-0.6700544376221914,-0.6218714751940099
11156,-1.0738180081049602,-0.9715759875254183
11157,-1.0021186336990475,-0.9334620861538617
11158,-0.98498909547925,-0.905002497237898
11159,-0.7911792635917664,-0.7996090854261251
11160,-1.171295349912126,-1.0813489213452945
11161,-0.9589022053405644,-0.9447131611657342
11162,-1.1090207919478416,-0.9894653568580613
11163,-0.8853363581001759,-0.8621325557237518
11164,-0.8222469302324148,-0.814286665538255
11165,-0.4763619879372099,-0.37896990732998953
11166,-0.69951070279114,-0.6921451970859019
11167,-0.9350410450336544,-0.9236805212609742
11168,-0.7203162021415178,-0.7106918792347039
11169,-0.7557290487511213,-0.6581992124139516
11170,-0.4778307023502531,-0.44178826961393675
11171,-0.5710881329322046,-0.5253553191478646
11172,-0.7786801092478693,-0.76987897648886
11173,-0.7714467784389853,-0.7682067159908282
11174,-1.073325952597424,-1.11072704708869
11175,-1.9795919280303151,-1.6437147288953609
11176,-1.2692445980875116,-1.1954915320889725
11177,-0.8369766000717406,-0.7952767431884067
11178,-1.933700420639732,-1.6430487679726924
11179,-0.6145949537103826,-0.5570392215512084
11180,-0.6649741553520971,-0.6597247604921672
11181,-0.6380467322445655,-0.6369942331647445
11182,-1.555872826613197,-1.478085388649847
11183,-0.5346934405240146,-0.41813316885552226
11184,-0.5376484664281209,-0.48459556206475496
11185,-1.0646335616592288,-1.044682234239854
11186,-2.7235896530605497,-2.469336537225594
11187,-0.9413905069231988,-0.8688890517712122
11188,-0.934627370316853,-0.8342459697241468
11189,-0.945462714641466,-0.8914398755738043
11190,-1.856632896091627,-1.6298190845498906
11191,-1.3674790263175964,-1.1954937334221063
11192,-0.6751918643712997,-0.6482873035331982
11193,-0.4306690777380635,-0.3799568244910396
11194,-0.8386392704276151,-0.8969021822634063
11195,-0.6938203992322087,-0.5779929950845384
11196,-1.0694299612858498,-1.033362775116538
11197,-0.4561931005744047,-0.4260021108535842
11198,-0.7872937461361289,-0.7362926304677552
11199,-0.8220025827718336,-0.8326291826919873
11200,-0.8523101677266203,-0.9205380551882805
11201,-1.0124771255871343,-1.0783030733294876
11202,-1.157151454178862,-1.1873798493575063
11203,-1.2154932077540908,-1.2393577021837856
11204,-1.0245626139086346,-1.0606057480632183
11205,-0.9373167836388876,-0.9922328164719183
11206,-0.6873535758765169,-0.7478072674083467
11207,-1.006689752719199,-1.0946128445386274
11208,-1.4221005744712298,-1.4585549738980084
11209,-1.1245833783186685,-1.1976841343157674
11210,-1.3791125855704611,-1.3707170640467365
11211,-1.84452567257724,-1.8051632808678313
11212,-2.150697793279375,-2.3567166214897526
11213,-1.3657342791557312,-1.414979968566061
11214,-0.7852288392163063,-0.840896841475514
11215,-1.0919370744377377,-1.1216320252666874
11216,-1.092413259107013,-1.0907851429872735
11217,-1.088985109514044,-1.131068348576548
11218,-1.0563811876977136,-1.1220473922808352
11219,-1.1942493130070295,-1.1829543594242065
11220,-0.9380115390748016,-1.0110573670044738
11221,-1.015489932178527,-1.064620708310327
11222,-0.9597321998241336,-1.016197079527902
11223,-1.3170261235200158,-1.3109546816626259
11224,-1.1913605595743932,-1.2086143164055598
11225,-0.3796295345339001,-0.37493251837216895
11226,-1.0286574012549348,-1.0141865141323985
11227,-1.1802719286245893,-1.1964986807924216
11228,-0.987108632575634,-1.00611694160974
11229,-1.1885582975638929,-1.2409736829826696
11230,-1.2677582474642022,-1.3278667874422496
11231,-1.2261467682298763,-1.2627427796676796
11232,-1.4594646756963212,-1.5127190160504917
11233,-0.9004163437111433,-0.9538580616623243
11234,-1.029232944628989,-1.1047948783682302
11235,-0.9833626534587652,-1.0433443304180177
11236,-0.9188401520252228,-1.0064420017931202
11237,-1.068603557209636,-1.131468363202512
11238,-0.8810523489648981,-0.9177273881527809
11239,-1.0576474195302918,-1.0841660086806737
11240,-0.6460171011778024,-0.6607954783317371
11241,-1.0829892870067626,-1.1425582453878045
11242,-1.1642365233842715,-1.2071548238281136
11243,-1.3929882918217384,-1.455586640409721
11244,-0.9826395031093628,-1.1089493766311536
11245,-0.9460671890613644,-1.0014074036625318
11246,-1.0352179159329633,-1.0794334252049607
11247,-1.2845794803412385,-1.3247213862663094
11248,-1.0478285301563353,-1.0878045725267989
11249,-0.9188402262769004,-0.9985361068439734
11250,-1.1438326410544934,-1.123845013537148
11251,-1.2528255290763324,-1.3171926407234924
11252,-1.1149771453798278,-1.1621052005186256
11253,-1.356049932250681,-1.3701939718359812
11254,-1.077036131260007,-1.1437199023342879
11255,-0.8044713726339414,-0.8200686396862498
11256,-1.1866966522941294,-1.1816940597169467
11257,-1.0909531892732132,-1.1126321492577094
11258,-1.2098460012628127,-1.2826211301547308
11259,-1.0300439596176147,-1.0991046373234243
11260,-1.3424974107003027,-1.4098354306947973
11261,-1.1426687240600586,-1.2112288385706667
11262,-0.929151405659757,-0.9465732592944951
11263,-1.5203335248222647,-1.57241666378593
11264,-1.1407219840930058,-1.205804551870395
11265,-0.6819147804910822,-0.6773151722989342
11266,-1.2115552702615426,-1.2715979213862458
11267,-0.8662023239357527,-0.9362105771860725
11268,-1.0398176483405652,-1.0719596166019294
11269,-0.8425687209580296,-0.9104881659342648
11270,-1.071173956227857,-1.1290439351892598
11271,-1.24058600728826,-1.2645014703119757
11272,-1.1610600735790046,-1.1972812124617032
11273,-0.9920592483624008,-1.0338226137851252
11274,-1.1551311108493063,-1.235033782261595
11275,-0.8914243658032037,-0.9483188992053011
11276,-1.4887452430503314,-1.5330234682837198
11277,-1.0041146768155949,-1.0765408037244817
11278,-1.0565931575242864,-1.198418611087849
11279,-1.1705824318578688,-1.1903118464232838
11280,-1.0675508587859397,-1.0533966343532235
11281,-0.9195665814155756,-0.9340707839921465
11282,-1.110953174820242,-1.1948327657788305
11283,-1.3908208830412043,-1.3967724117505766
11284,-0.7002522776711662,-0.7208588648142307
11285,-1.1341931551925897,-1.1667901108123229
11286,-0.8879335314728493,-0.9088972729921958
11287,-0.9390661466953366,-0.9263166583477678
11288,-1.0605855588765107,-1.0696705764578294
11289,-0.9111352484355602,-0.9415467256723451
11290,-1.1089073012965591,-1.0893450350108382
11291,-1.135074822477592,-1.1777559173815626
11292,-0.9254114165786624,-0.9337164671846137
11293,-0.7553227058676786,-0.8272365322408752
11294,-0.6120517887646639,-0.6387370507928389
11295,-0.9335389941237694,-0.9409562401685294
11296,-0.886780859888062,-0.8804719937864198
11297,-0.8440441290537516,-0.8756539365733933
11298,-1.142660652020181,-1.1945009521119665
11299,-1.02623693425526,-1.0798717601662768
11300,-2.324716462808497,-2.1571108219670307
11301,-1.1586620770683584,-1.0710539919461382
11302,-1.0192396151002987,-0.939342602894903
11303,-1.224916484620836,-1.1341495010587885
11304,-1.4235481928134788,-1.2705187317968787
11305,-0.7842165878576826,-0.7660170808935041
11306,-1.2370276986336222,-1.1315688113777
11307,-0.977123740107514,-0.9484014132226157
11308,-0.6167346996854443,-0.6052970005252252
11309,-0.6327930320928126,-0.5256331614506088
11310,-0.8114259197598412,-0.7555062547562608
11311,-1.0798457503318786,-0.9702114873462255
11312,-2.150697793279375,-2.355465273062389
11313,-0.7952758508135181,-0.701629578605178
11314,-0.7157725468277931,-0.5982434581965198
11315,-1.5674349731869168,-1.459499407697606
11316,-0.9159105410178502,-0.8678263836436798
11317,-1.1808084803958272,-1.1408474020255621
11318,-1.0788348598041753,-1.0202940186321503
11319,-2.1202573613686995,-1.8736579887794718
11320,-1.222980657449135,-1.0312731258380095
11321,-0.5963684070942014,-0.5323732108724818
11322,-0.7684767100869155,-0.6979151392370699
11323,-0.9817652249521064,-0.933271751847377
11324,-0.824594027312227,-0.7161031499389522
11325,-0.4548324217167935,-0.4510707907590447
11326,-0.6209047820216925,-0.5948929564897399
11327,-2.0132946397947227,-1.7650753639746388
11328,-1.9492044619151525,-1.6931304572120536
11329,-1.0938353935877485,-1.0533572766515942
11330,-0.6238380940631032,-0.5413962968935563
11331,-1.6129228406482272,-1.3354531585434328
11332,-1.1434348057955503,-1.0933891165380674
11333,-0.6266740662977099,-0.5597122668599084
11334,-1.0246450457462044,-0.9133352087449649
11335,-0.877114221107128,-0.833189724335682
11336,-0.8943920582532883,-0.8825521053689895
11337,-1.0195197689440822,-0.9901897429803848
11338,-0.5900090313333226,-0.5755975556185864
11339,-1.3705499218415844,-1.2950749406518856
11340,-0.6439306130776039,-0.6581510369594282
11341,-0.527815579443939,-0.44328941516481857
11342,-0.9953290612198584,-0.9713561303855831
11343,-1.3305102586746216,-1.2550734928412026
11344,-1.208281951956451,-1.0647972791145233
11345,-0.9126906543970108,-0.8194376487905776
11346,-1.2875066891960476,-0.9684653040291592
11347,-0.6577942611635194,-0.5752906614495793
11348,-1.1925373119967324,-1.2165349509034842
11349,-0.4295334317790928,-0.4135427789308538
11350,-0.7959741605445743,-0.6832509875918419
11351,-1.3691220514534057,-1.3807992239023053
11352,-0.8278383681940478,-0.8077655759584683
11353,-0.7503562029017958,-0.6494475898816598
11354,-1.0593793876469135,-1.030217226594686
11355,-0.6822843589479961,-0.658293684954366
11356,-1.0800171138704284,-0.9628333740456148
11357,-0.9711135154546692,-0.8767032450791781
11358,-0.9729768075048923,-0.8822060205663238
11359,-0.7997065315643946,-0.8012987126906713
11360,-1.1651604914850042,-1.1004837776031295
11361,-0.9735452169552444,-0.9056623553236318
11362,-1.1067193865776062,-1.0385639374454814
11363,-0.885426938533783,-0.8241316030422842
11364,-0.7791088168437664,-0.7675661377417726
11365,-0.4927933348549737,-0.4115347841865993
11366,-0.695115654967552,-0.6974697750668191
11367,-0.8912000221799511,-0.7897564006406195
11368,-0.7252459757087767,-0.7114486041303135
11369,-0.7793380844500638,-0.6401481024670654
11370,-0.4768648724707346,-0.45761485516078837
11371,-0.5415027307909589,-0.47541515494501807
11372,-0.7994302267930946,-0.6786682731440268
11373,-0.7513667391613126,-0.7225545309484
11374,-1.0786691977914455,-1.0501365833929506
11375,-1.9865445212314004,-1.7966284898289455
11376,-1.309630258459794,-1.2823225176125237
11377,-0.8819311119261242,-0.7592940116054787
11378,-2.010484193310593,-1.7068537052231587
11379,-0.6155344572934237,-0.5444881742650811
11380,-0.637326255325199,-0.5541731821474172
11381,-0.6546055189398832,-0.6514865052176384
11382,-1.5647230758223425,-1.458213661684237
11383,-0.4812895818190141,-0.4696904587023182
11384,-0.5373180166880289,-0.5237868123584325
11385,-1.028261097826699,-0.91060057536576
11386,-2.734194358189901,-2.4678819028158023
11387,-0.9103381186723708,-0.7943496570611982
11388,-0.9138794074686922,-0.8560862673653491
11389,-0.9363566538609496,-0.8854185488610451
11390,-1.8007711379424385,-1.6696266471475791
11391,-1.3382966133856005,-1.2486625493213683
11392,-0.6912068724632263,-0.7071942776441573
11393,-0.4264810479532077,-0.37961623643639786
11394,-0.8491661132768143,-0.8928937366766521
11395,-0.7030586451292038,-0.6202884127075468
11396,-1.067806185677994,-1.0482702840514264
11397,-0.4744518967561943,-0.44019317719363404
11398,-0.7922688722610474,-0.7592575537661705
11399,-0.8048868604408678,-0.7883041659682908
11400,-0.8193378781163415,-0.9192357848781028
11401,-1.0132858259924526,-1.0886327100211184
11402,-1.1404473421185517,-1.1926042272755035
11403,-1.1923405828402025,-1.255297300119425
11404,-1.061961201734321,-1.07762295916407
11405,-0.9123742996260176,-0.9984719928844957
11406,-0.6682405776755754,-0.7604046520952726
11407,-0.9682909980300785,-1.0961294935039159
11408,-1.3802520064420478,-1.4588846396414197
11409,-1.0824126263921574,-1.2158473286517835
11410,-1.326900747395301,-1.3855664499046265
11411,-1.7970002522835364,-1.7981010037900762
11412,-2.2400480849402293,-2.4111487070719404
11413,-1.328613422933172,-1.4315734704335532
11414,-0.7721226483352425,-0.84582674472523
11415,-1.108495402149856,-1.1249301650871835
11416,-1.0593266459398492,-1.0983064710631854
11417,-1.1145341183788091,-1.1356405651230528
11418,-1.065190119336742,-1.1342148589841465
11419,-1.197630100472029,-1.1823972716195945
11420,-0.9175945686739544,-1.040430709065085
11421,-0.974067536435386,-1.0773616952181477
11422,-0.96851015275763,-1.033603746453613
11423,-1.319482635157977,-1.312080262859354
11424,-1.1507961731548455,-1.2147623824210743
11425,-0.3586113381589579,-0.38116852306572463
11426,-0.9781756003697714,-1.0055483062137929
11427,-1.2045968392098596,-1.2029707983174682
11428,-0.9883686313333436,-1.0215241588671384
11429,-1.2195960957874623,-1.273997694946999
11430,-1.2651999569678491,-1.3350906766354271
11431,-1.196327711260596,-1.2762755445115637
11432,-1.434966469919959,-1.5182070165333514
11433,-0.8739138693772546,-0.9635661285977034
11434,-1.0323930988016057,-1.114523785674911
11435,-0.9780708006186078,-1.046380542969519
11436,-0.8910938978195191,-1.0251638382673267
11437,-1.0707999504813852,-1.139804991332752
11438,-0.8726907774459484,-0.9175376833563323
11439,-1.0056504380795384,-1.0701559661894806
11440,-0.6533896556267371,-0.6667840914848524
11441,-1.049367530401363,-1.160937949976564
11442,-1.090308536854825,-1.1967497922345347
11443,-1.376980265905691,-1.4524253739251032
11444,-0.970818000246388,-1.1140760780920977
11445,-0.9821228870125704,-1.0178293658165356
11446,-1.0249338638125445,-1.0973952917915004
11447,-1.2708865792252295,-1.3223191145470594
11448,-1.006463650585145,-1.0968655384788217
11449,-0.9373329609863518,-1.0178771564202718
11450,-1.1042795218238537,-1.1264608017233915
11451,-1.2434710208759752,-1.334637980436478
11452,-1.0996342167373776,-1.1666119157189856
11453,-1.3200919018235318,-1.3613956054667784
11454,-1.0269430690957595,-1.1295115051343467
11455,-0.7670183505198752,-0.8294067429017655
11456,-1.1425472183745036,-1.1805303179940512
11457,-1.065463337787362,-1.1112112013252515
11458,-1.1810709275016489,-1.305540833978382
11459,-1.0174022266107012,-1.105103357201707
11460,-1.32223745002303,-1.411073028271205
11461,-1.137789053510326,-1.2216324809293726
11462,-0.9378712436025456,-0.9445481845574785
11463,-1.5277470784593925,-1.5807130167342591
11464,-1.1531026895229632,-1.1953166604042056
11465,-0.6665980150533277,-0.6949655738603854
11466,-1.2102402291556662,-1.2886723923744774
11467,-0.8667309459789779,-0.9384684556522425
11468,-0.9804982002391373,-1.0735327821677356
11469,-0.8396456528079602,-0.9306961920218261
11470,-1.0835310756698135,-1.1368898125581968
11471,-1.2445334205331728,-1.262468292423613
11472,-1.1232768482016038,-1.2030605813945603
11473,-0.9689816948055296,-1.0448489894546589
11474,-1.131884171057117,-1.2396181332048524
11475,-0.8923950954876115,-0.9491390654471072
11476,-1.4599341884139896,-1.545535478789061
11477,-0.9795209123182668,-1.097401407029894
11478,-1.0970377727996472,-1.1884838592174447
11479,-1.132023502204378,-1.195386327255917
11480,-1.0325902552567712,-1.053365859874459
11481,-0.9178510488465776,-0.9442722517082549
11482,-1.1416533122691073,-1.2034644442935327
11483,-1.3731405522472175,-1.3895706711505427
11484,-0.725980281829834,-0.7315392917806998
11485,-1.104006286739379,-1.1650234368420387
11486,-0.8429946363434311,-0.9184185432833295
11487,-0.8443467339804006,-0.9175831332071188
11488,-1.0573631257049798,-1.0716060969872685
11489,-0.8599161907683971,-0.9415885105305557
11490,-1.0905915175297465,-1.0777538796111905
11491,-1.1190520866896756,-1.1735507369965545
11492,-0.9212733017381772,-0.9244550703723917
11493,-0.7112809798514196,-0.8323208990023119
11494,-0.6616807149935372,-0.6375933392641413
11495,-0.8387072040129078,-0.9301911416903945
11496,-0.7875288558560748,-0.8670236891862341
11497,-0.8074176625687947,-0.8685810285637239
11498,-1.1388467688893162,-1.202568327733713
11499,-1.009169997170914,-1.0825434156166494
11500,-2.002017806558048,-2.1616342558580275
11501,-1.0298313946686974,-1.0219250079581281
11502,-0.9900060106617536,-0.9283323472784464
11503,-1.065791246626112,-1.0785160903577435
11504,-1.337421495338966,-1.3296820651525738
11505,-0.7813974840696468,-0.7707250691199485
11506,-1.1127744621160078,-1.1283076993462176
11507,-0.9092534632645836,-0.9218848115097951
11508,-0.6451856664908949,-0.5965871524441145
11509,-0.5180793294200191,-0.5163666986143629
11510,-0.7040700231279645,-0.7626030551062684
11511,-0.9374973058700562,-0.9867901682853699
11512,-2.2400480849402293,-2.4108957648277287
11513,-0.7375995493674463,-0.6811966575701409
11514,-0.6185339242219925,-0.5895723309367885
11515,-1.4631808035903506,-1.4791743589772108
11516,-0.8705376744270324,-0.8599940975507097
11517,-1.0891485630079758,-1.1176811786277037
11518,-0.9569359044919068,-1.0207856327181113
11519,-1.8084524978290903,-1.7945828202998992
11520,-1.1621907697274134,-0.9967658084172456
11521,-0.5396212200785793,-0.49392561210218267
11522,-0.713705392872415,-0.6673009497363389
11523,-0.9589330771172694,-0.906634298405905
11524,-0.7831449656523475,-0.710682055438827
11525,-0.4370422723681427,-0.4553959865594711
11526,-0.5489256770111793,-0.5749253946373316
11527,-1.7165458824323572,-1.718115359112835
11528,-1.6089612075260706,-1.682037037516396
11529,-1.009504755338033,-1.0545678190243095
11530,-0.5913125779479742,-0.519965422029296
11531,-1.518725006668656,-1.3651895493636885
11532,-1.1143338549882174,-1.0694167483597992
11533,-0.5942539907991886,-0.5543654399613535
11534,-0.9489919224450756,-0.8847608516998677
11535,-0.8439427059750224,-0.8110104066148893
11536,-0.8669933568347584,-0.885427612698439
11537,-0.9645819257396137,-0.9886833173668039
11538,-0.5616286730203103,-0.5703161006837378
11539,-1.33081312050191,-1.2885893148969305
11540,-0.6474377980599036,-0.6643075625101726
11541,-0.5078555567320003,-0.4234138351386209
11542,-0.9608250200286392,-0.9552764128652957
11543,-1.276928992234459,-1.244884250391977
11544,-1.0748964687809348,-1.0173631779228636
11545,-0.8111135065555573,-0.80982476628075
11546,-1.034081844316013,-0.9361672286250152
11547,-0.5686516429102698,-0.5412780585523099
11548,-1.2246626317501068,-1.2644238103003733
11549,-0.4115034893377503,-0.4021345691301337
11550,-0.7587523963302374,-0.6763273778681945
11551,-1.3248082186824592,-1.3696831566418786
11552,-0.7834632664687874,-0.7864555345333204
11553,-0.658684065175611,-0.6265623144401132
11554,-1.04361629858613,-1.0199724293003476
11555,-0.6559358305401273,-0.6764628212287945
11556,-1.017600040103114,-0.953689308437573
11557,-0.8692958105442136,-0.8620074300494915
11558,-0.9407659620046616,-0.8411236926913257
11559,-0.784590611855189,-0.8081919087304009
11560,-1.113887675972872,-1.0828454728582417
11561,-0.9149578530341388,-0.8825976091126593
11562,-0.9987908750772476,-1.0260519425074257
11563,-0.8791574276983738,-0.8105552239964402
11564,-0.7822083583244911,-0.6967909094614854
11565,-0.450335640173692,-0.41443807243281927
11566,-0.6642968626909478,-0.6922503974702621
11567,-0.7606820015944251,-0.7766731749517344
11568,-0.7351524986962016,-0.7005040269797469
11569,-0.746791823889858,-0.6037092818770291
11570,-0.419481943524073,-0.4460999193014917
11571,-0.4711504389149274,-0.4589776238113713
11572,-0.6507469050738276,-0.6634374905605696
11573,-0.7711877776309848,-0.7191674342999852
11574,-1.034979965834491,-1.0400811686979985
11575,-1.7680137722115767,-1.7563169253499877
11576,-1.254024012465226,-1.2933280781695713
11577,-0.7464695468781486,-0.7433164573851077
11578,-1.7721749941507976,-1.6163782302779366
11579,-0.5556970769708807,-0.5491682695619986
11580,-0.5426020668458569,-0.5185291668549367
11581,-0.6459027842957844,-0.6658652460236265
11582,-1.4661313230677169,-1.4111698456204818
11583,-0.5437939990650523,-0.46737782593929367
11584,-0.5503630590438843,-0.5344881667031183
11585,-0.9749943175057108,-0.8664937792514326
11586,-2.4708625929696217,-2.3687873586775754
11587,-0.8223948711529374,-0.7738363863900293
11588,-0.8782574040021083,-0.8320528234930304
11589,-0.8368221674490413,-0.8751747768588747
11590,-1.6308147596276326,-1.6345029084578804
11591,-1.331286072731018,-1.2220447665901584
11592,-0.7145125538110733,-0.7150623490413028
11593,-0.3799020408645389,-0.3640989440632614
11594,-0.8678673838460168,-0.895997270133144
11595,-0.6636207494884729,-0.6050972696393723
11596,-1.018981661907462,-1.0433069612320691
11597,-0.4312834185223246,-0.42784779878857815
11598,-0.7291213199496269,-0.7534169151137267
11599,-0.7930254899254141,-0.7644296219182566
11600,-0.8290908909583277,-0.8503797921986581
11601,-1.1208313446620417,-1.1319121581305092
11602,-1.1466900202655053,-1.180800443883916
11603,-1.1752500376960104,-1.1930358679697215
11604,-0.9901126660117808,-1.0342731505185758
11605,-0.9781493151834768,-0.9642230552992149
11606,-0.7118289701698363,-0.7049281220841287
11607,-1.0568848635799202,-0.994586006038119
11608,-1.43444039285645,-1.4033411394937585
11609,-1.0984874917555223,-1.1420118982517904
11610,-1.1660858485125756,-1.169706875881086
11611,-1.0256789110519071,-1.0731728142384378
11612,-1.9796516724995203,-2.393395123747182
11613,-1.373544020730941,-1.442908643145347
11614,-0.7751860951268396,-0.8208155821511307
11615,-1.0738767506554725,-1.1181467605358943
11616,-1.082695059073988,-1.0930811564728329
11617,-1.0928612143494365,-1.0853224217111412
11618,-1.0132727909457775,-1.016074826324145
11619,-1.1331218425617662,-1.1453403802814641
11620,-0.9794260337371234,-1.0027674692342639
11621,-0.9164585651353347,-0.9318149927991203
11622,-0.8759281154750853,-0.8420524807649871
11623,-1.1201331079468246,-1.2278034891343126
11624,-1.0176523729812268,-0.9258635922748075
11625,-0.3639366962970831,-0.38170678288321697
11626,-1.0379130017849827,-0.9490041080886186
11627,-1.087355182152386,-1.0985513209011868
11628,-0.955634872118632,-0.9886962717409226
11629,-1.1837168285088946,-1.230832007372302
11630,-1.2921460515768952,-1.3328466620612975
11631,-1.184179564779119,-1.2028477236406552
11632,-1.434846270916074,-1.4385519889934315
11633,-0.8730598845223124,-0.8169935792433292
11634,-1.1010344555211622,-1.0676630610402396
11635,-1.018126139345095,-0.9912590348295466
11636,-0.9192682435115178,-0.9502883265164824
11637,-1.170163060343543,-1.1846780402586716
11638,-0.9033837715784708,-0.9180426477054968
11639,-0.9812743210977362,-0.9775771813257068
11640,-0.6476463152812078,-0.6749662753886461
11641,-1.0489232604817826,-1.0152234114544112
11642,-1.146658793900364,-1.1010531768816691
11643,-1.3995996288550916,-1.2843251148277623
11644,-1.0262646859930469,-1.0356248603526914
11645,-0.906784311745518,-0.9253021813865342
11646,-0.8878777618483296,-0.8236827022922716
11647,-1.2781887387120447,-1.2978589554739228
11648,-0.976515064867892,-1.0026481541298693
11649,-0.90356609340786,-0.9168997921293638
11650,-1.1199819071348325,-1.0529745960697012
11651,-1.1928930661475012,-1.264843198134581
11652,-1.1113918918047765,-1.1892809746474131
11653,-1.3619939319847163,-1.3173321407200338
11654,-1.078730208929195,-1.2395695177496167
11655,-0.7795605807341346,-0.7349675300930943
11656,-1.1124130829360137,-1.0704075180120254
11657,-0.9602212647134944,-0.9070308328880923
11658,-1.1654303896334743,-1.1717727281840735
11659,-1.0456197483595029,-1.0914980454864645
11660,-1.2428758855937987,-1.2444803261732718
11661,-1.0955219656922095,-1.1486532792046897
11662,-0.9280920490738034,-1.0112083982372
11663,-1.5243048279784446,-1.4986470047739526
11664,-1.1957358121871948,-1.286187731233347
11665,-0.6678226862766946,-0.6685854719415526
11666,-1.2466303378112555,-1.2305546925855233
11667,-0.9156559465467468,-0.9772144402471045
11668,-0.9727371404337328,-0.9524445917253266
11669,-0.9266927233038024,-0.9745058011307797
11670,-1.05844382907069,-1.1327701360983184
11671,-1.2110491418099218,-1.2033163604326713
11672,-1.006674282310545,-1.098658671678889
11673,-0.9739039859106374,-0.9751507956221058
11674,-1.0920793622039084,-1.133296595539998
11675,-0.9151213390637288,-0.9045872996946903
11676,-1.362557006436725,-1.3616071153099458
11677,-1.0105071040086968,-1.0220653861853792
11678,-1.136233272478562,-1.1550054599883264
11679,-1.0159388649261605,-0.9922514403971778
11680,-1.0761430300483408,-1.0278713358470624
11681,-0.9179703366848848,-0.9211431032063996
11682,-1.07051247312117,-1.182825985443468
11683,-1.3558302313782449,-1.4151708794131779
11684,-0.687398668730034,-0.6719105167307795
11685,-1.1327627481416214,-1.1383119578688354
11686,-0.92784710263097,-0.8912397016568724
11687,-0.906786696855412,-0.9328198144457354
11688,-1.030041774113973,-1.0265841513832605
11689,-0.8553832085557687,-0.883520198313822
11690,-1.056284792663515,-1.0603592292851352
11691,-1.1583497903143714,-1.2489816000401237
11692,-0.7925609839979069,-0.9029170280297681
11693,-0.7516354867654254,-0.7829052336517458
11694,-0.6035516609119463,-0.6673645971488033
11695,-0.8595617177874543,-0.7559306613270544
11696,-0.8567876815795898,-0.7254907883127113
11697,-0.7616886695226034,-0.8054922347122576
11698,-1.142178500345511,-1.1427639151232745
11699,-1.1119855771693148,-1.1193724614052207
11700,-2.267933431793661,-1.9776718497930739
11701,-1.2071060561394509,-1.1306425922001093
11702,-1.029710982197015,-0.9622980554035802
11703,-1.23411844836341,-1.218798215661244
11704,-1.3288057343713169,-1.2066955272412818
11705,-0.7896633591762808,-0.7599011438429205
11706,-1.2115265763535792,-1.0394381204533327
11707,-1.0025757551193235,-0.9618072874856427
11708,-0.6011438656222913,-0.5483862255801484
11709,-0.6289646772690761,-0.4026604522706125
11710,-0.8242684409731911,-0.6970780187729896
11711,-0.9518126169840496,-0.8826703492664131
11712,-1.979256238256182,-2.3935729439119933
11713,-0.8669215782668239,-0.8122191961938028
11714,-0.64994250331074,-0.4737808334541684
11715,-1.5361332496007285,-1.4019341785100865
11716,-0.8824771364529927,-0.8090816199534697
11717,-1.1920261105825736,-1.1424823709965515
11718,-1.117903164063377,-1.0970068315134909
11719,-2.165792746977373,-2.0000238122651637
11720,-1.4005817335385542,-1.1621891402618019
11721,-0.7132664392160815,-0.6112267565485134
11722,-0.8949659902875017,-0.8436704205199382
11723,-0.9438241627789284,-0.9968569570229331
11724,-0.8809018744978794,-0.8547042590610672
11725,-0.4450618555379468,-0.4571027295781104
11726,-0.6263653372609338,-0.6519839484031744
11727,-2.1133183500041133,-1.995043520581425
11728,-1.8073469003041585,-1.5987726167937872
11729,-1.2489217188623216,-1.0414374239969488
11730,-0.6687645753845572,-0.6086614261054081
11731,-1.483387964743155,-1.2376555580156585
11732,-1.1667570937424898,-1.1171203068687434
11733,-0.6540470728650689,-0.5663180245792171
11734,-1.037902648134749,-1.0111308694002554
11735,-0.7888776914093846,-0.7519322907594991
11736,-0.8417085368524898,-0.8495235333339796
11737,-1.1349999923114629,-1.1437873322926833
11738,-0.6320496168662244,-0.5991193447593999
11739,-1.4588921994201898,-1.3112298815916457
11740,-0.6445811776014475,-0.6716415529353208
11741,-0.6548977277075597,-0.48562802673406763
11742,-0.9386470253153364,-1.0424920899789611
11743,-1.4109585229740589,-1.2976863179006974
11744,-1.1454987423494458,-0.9953919669520135
11745,-0.9058668510988356,-0.8208042172796692
11746,-1.0199394519778266,-0.8173842189110466
11747,-0.6586092377817908,-0.6332685522561955
11748,-1.2323860738958632,-1.1532709884280274
11749,-0.4007468632797696,-0.3757207043212407
11750,-0.6928520975634456,-0.6235223409484575
11751,-1.5122901459997014,-1.5770283796058222
11752,-0.8374263454777325,-0.8170619987989152
11753,-0.7291747239208961,-0.6703010368920704
11754,-1.0305225029587746,-0.9947421642314719
11755,-0.6416604159370302,-0.617149137771158
11756,-0.9515489506167036,-0.7918533340812576
11757,-0.9836752017339072,-0.915939883236531
11758,-0.9763019597157836,-0.8357617650241076
11759,-0.7824439913034439,-0.812398271539546
11760,-1.2269333721131317,-1.1688132762307095
11761,-0.9920287933200598,-1.0023387819854097
11762,-1.059167279303074,-1.057751736338568
11763,-0.952650288119912,-0.8522514263814002
11764,-0.8138160806435805,-0.7607950827681838
11765,-0.4420655272964738,-0.37867798474623254
11766,-0.716157737628434,-0.6868229098372667
11767,-1.0037413835525513,-0.9433188740136424
11768,-0.7255769505981327,-0.7170084320954663
11769,-0.7719683905904607,-0.636157037362237
11770,-0.4522538762243967,-0.3644453838173176
11771,-0.5972547789876775,-0.5112559995566254
11772,-0.7901452645963553,-0.6648183893953686
11773,-0.7885479778051376,-0.7081717273271443
11774,-1.0996181669488418,-1.0584463602437029
11775,-1.8300969475194029,-1.5415851703674186
11776,-1.2841775065974186,-1.1612557830629633
11777,-0.8229705057446919,-0.882538170957155
11778,-1.883808034839052,-1.6677723759209804
11779,-0.5905948357148604,-0.5260468695880863
11780,-0.7162931020869765,-0.5742092845744731
11781,-0.6259738715120065,-0.6491286198788955
11782,-1.5875115699546285,-1.5912313029895895
11783,-0.4217385508797385,-0.4331260474679281
11784,-0.531518702507019,-0.5192693522818738
11785,-1.0782167089077854,-0.9272352545489372
11786,-2.853010972340902,-2.7287595514648704
11787,-0.9150564977899194,-0.7491112676957074
11788,-0.8988153241401495,-0.8431808090922228
11789,-0.9610025882720948,-0.8757436816778961
11790,-1.7127063326213672,-1.7301372651573375
11791,-1.3127874712790213,-1.2142016359872063
11792,-0.7047657608985901,-0.7290424803893135
11793,-0.4150657287732823,-0.339420886563623
11794,-0.8731987337733425,-0.8666232287559208
11795,-0.6486821630969644,-0.5941109753013307
11796,-1.0230851838755053,-0.9782592642725965
11797,-0.4802522483722184,-0.48887279042274456
11798,-0.7854577330872416,-0.6841345943794489
11799,-0.9526674396307894,-0.8527482819500812
11800,-0.9074851644131564,-0.8525276297797472
11801,-1.0609001486465848,-1.1340719758286384
11802,-1.195793349613515,-1.182026892329238
11803,-1.143120528191559,-1.192477241397507
11804,-0.9570772213529248,-1.0339736635484467
11805,-0.9615583114845808,-0.9629367075271995
11806,-0.7159736720166465,-0.7048980611647535
11807,-0.9885374261427295,-0.9840087578405725
11808,-1.4740980697232624,-1.4014929908263853
11809,-1.16678576044334,-1.1438664275446446
11810,-1.2004257348156715,-1.1624060774111378
11811,-1.1443860124755691,-1.0347291720482408
11812,-2.075446997370039,-2.4118474336737465
11813,-1.376374535873288,-1.4432785707202442
11814,-0.7753873767778855,-0.8184627976244383
11815,-1.0610646195709703,-1.1185226919773734
11816,-1.0924842690312586,-1.09416606939709
11817,-1.0633174661518068,-1.0794621929210595
11818,-1.0847701499628466,-1.0151549234097723
11819,-1.1565675485965818,-1.144857511975762
11820,-1.0057534413744311,-1.0006631815510392
11821,-0.9719237930090852,-0.9260724344425634
11822,-0.8773016125656837,-0.8309174953092932
11823,-1.1387350845706554,-1.2236528017678474
11824,-1.0131070743235506,-0.9064021614106209
11825,-0.3637815520294711,-0.3824109381445713
11826,-1.0199209350024083,-0.9385151833302401
11827,-1.079892493957697,-1.0933233580646988
11828,-0.9870478423066842,-0.9870142263383685
11829,-1.186348597208659,-1.228273095958518
11830,-1.3112039926440218,-1.3309793596977268
11831,-1.209105410317118,-1.1971211087780347
11832,-1.4230575164159138,-1.4336911386314666
11833,-0.8616052459376727,-0.8076834543923352
11834,-1.0997919407925865,-1.0654350671796324
11835,-1.0037392682807391,-0.9840728286681146
11836,-0.9065690129995346,-0.949521338400059
11837,-1.0956854376682017,-1.1847405881916688
11838,-0.9245512753494026,-0.9209022340221036
11839,-1.007659727288771,-0.9730195349434059
11840,-0.6376351622434763,-0.6765349391790364
11841,-1.0843065468839896,-1.0094671801402402
11842,-1.0774245206699815,-1.0867483058037242
11843,-1.407673055811446,-1.2704765584561493
11844,-0.9912321918694548,-1.0304096012677495
11845,-0.8880724315495454,-0.9229088115929024
11846,-0.8968341848043007,-0.8076813012499142
11847,-1.2522340292154357,-1.2917835799884803
11848,-0.9534372728924418,-0.9991503165490395
11849,-0.8959386154662731,-0.914565898218335
11850,-1.0982869678689529,-1.0449845768233594
11851,-1.1787941945615663,-1.262348704215825
11852,-1.1432605177857156,-1.1931259378032772
11853,-1.3049038704051528,-1.3106702002026016
11854,-1.0939172571019609,-1.24593910560136
11855,-0.7770324446434198,-0.7336422965651135
11856,-1.1298591314360154,-1.0627011172089706
11857,-0.99026091893514,-0.8909518722286525
11858,-1.163838260857634,-1.1640185060547898
11859,-1.0185229824494946,-1.0915226078424018
11860,-1.2458333211351735,-1.2363904322384336
11861,-1.153742276420889,-1.1465226809349283
11862,-0.90655835839205,-1.0144536275863942
11863,-1.4802177174146784,-1.4926722161106927
11864,-1.1711717669780437,-1.2900715323181606
11865,-0.7090429511181143,-0.6711392227350884
11866,-1.2239408908888352,-1.2302272007994053
11867,-0.9149989508843236,-0.9797443462543883
11868,-1.0215258940245755,-0.9453631619696208
11869,-0.9091598941374196,-0.9732910537888446
11870,-1.0818956157033757,-1.137222714814014
11871,-1.2532145681307298,-1.194912169900543
11872,-1.0712623559227286,-1.0975346364471434
11873,-1.0009567099948262,-0.9714104848111881
11874,-1.0882946215858755,-1.125665387091758
11875,-0.8980163209206236,-0.9023829152800991
11876,-1.403884499572044,-1.3530024586700808
11877,-1.0162521573000176,-1.0203873527893088
11878,-1.1450824275497318,-1.1530872792395273
11879,-1.0420798810861878,-0.9840289123037852
11880,-1.117385562076125,-1.0260883722284966
11881,-0.9031986312348712,-0.9191166033146743
11882,-1.0941657742788626,-1.1862820636220093
11883,-1.4225143914998963,-1.419391444712577
11884,-0.6814715266227722,-0.67104278982143
11885,-1.1718079480089882,-1.1359800103099462
11886,-0.8947519036226494,-0.8866202647985878
11887,-0.9636635687924172,-0.9340425906488227
11888,-1.0694822387177816,-1.0270509047174075
11889,-0.8545825185701829,-0.8818590043564416
11890,-1.0882187749064245,-1.0578797505125115
11891,-1.177462526994158,-1.249171450424187
11892,-0.8603509969489519,-0.9028381202480213
11893,-0.7908517676730489,-0.7805468154567119
11894,-0.6148838785630238,-0.6720386548245149
11895,-0.9212468261866608,-0.7421838393025355
11896,-0.8370728243229001,-0.7092675629538296
11897,-0.8264909150988556,-0.8009657836184934
11898,-1.1539462546045467,-1.1408952648083779
11899,-1.0979638302973074,-1.1205213412199035
11900,-2.5669652083340813,-1.973502726931088
11901,-1.2936822046605192,-1.1354744380933912
11902,-1.0572301241778588,-0.9639189804361661
11903,-1.3079865402645534,-1.219010715015799
11904,-1.3177648001703723,-1.210717090565117
11905,-0.8015160255653914,-0.7614675123256381
11906,-1.3248122979183583,-1.0359023345032186
11907,-1.0639214626578395,-0.9627501316336946
11908,-0.6263549401778583,-0.5437849400054297
11909,-0.7582012517952624,-0.39468453673289894
11910,-0.8532713174819946,-0.6912433679448015
11911,-0.9830144087473552,-0.8842357524192574
11912,-2.075446997370039,-2.4119917368476584
11913,-0.9056941261587216,-0.8192289899205799
11914,-0.703371842391789,-0.46388457723793103
11915,-1.6471054123507605,-1.3993787439752912
11916,-0.9244545429944993,-0.8078758385426029
11917,-1.260386566783107,-1.1411876628588054
11918,-1.142070940171165,-1.1014784964695215
11919,-2.278315403244712,-2.015092711850271
11920,-1.33011371585039,-1.1622224234119853
11921,-0.7747308745864749,-0.611391485979253
11922,-0.9052509694564632,-0.8537665229413003
11923,-1.0456368867741077,-1.0006794329568498
11924,-0.8950587270795837,-0.8618600190030623
11925,-0.4458510524542757,-0.45787702935080493
11926,-0.6362033555673998,-0.6555541186436583
11927,-2.2361919465272324,-2.0156025606972974
11928,-1.9127100592567807,-1.5890149470703927
11929,-1.1566223899523418,-1.035398337017771
11930,-0.6682937880977988,-0.6082847132071384
11931,-1.360146540182608,-1.2234822376481738
11932,-1.2269034385681152,-1.1196462433585013
11933,-0.6683988785371184,-0.5666539542151037
11934,-1.1042247021845144,-1.0159274781113703
11935,-0.874404275140097,-0.750089383020471
11936,-0.9261680895631964,-0.8516698188167775
11937,-1.2015766164129094,-1.1504627455289944
11938,-0.6207635045990231,-0.5999443558802757
11939,-1.463763110397398,-1.308643574660131
11940,-0.6325751304626465,-0.6730746987661397
11941,-0.6738064270610957,-0.4849939128470588
11942,-0.9929538152014562,-1.0477646863399106
11943,-1.4587118376133057,-1.2987648686554167
11944,-1.232170288451016,-0.9932978628767755
11945,-0.9346914514899254,-0.8214423259663017
11946,-1.1479948586311892,-0.8107381821951677
11947,-0.7538566099580868,-0.6372993654696174
11948,-1.1917229890823364,-1.150591699240394
11949,-0.4146437342487164,-0.3750140706620351
11950,-0.7194447591900826,-0.6209432544901193
11951,-1.58959522727848,-1.5877968814029142
11952,-0.8749617162600968,-0.8165441986395466
11953,-0.7719564206840456,-0.6730410124626928
11954,-1.0923999575898051,-0.9939609746199611
11955,-0.6299198752357846,-0.6168598627680765
11956,-1.0665058775465617,-0.7808318785160154
11957,-0.96262764283853,-0.9148648474413871
11958,-0.9842663584277034,-0.8315154206908422
11959,-0.780829448501269,-0.8131825751655268
11960,-1.2397398911705313,-1.1741771406770727
11961,-1.0345827043056488,-1.0058722945841405
11962,-1.0986974462866783,-1.0619397862244881
11963,-0.9952642973512412,-0.8516451391087309
11964,-0.8895130093281086,-0.7575143353557
11965,-0.4964768326180613,-0.378660368328277
11966,-0.7290569645489833,-0.686496570602301
11967,-1.04103460422782,-0.9445220093296682
11968,-0.724554973979329,-0.7173957973700061
11969,-0.8319055895472682,-0.6348051565293187
11970,-0.5280636530073862,-0.35970251867518255
11971,-0.6541799048120661,-0.510390929723635
11972,-0.8673248923554713,-0.6583748150440321
11973,-0.7825038796290755,-0.7044897190237336
11974,-1.1431265404794069,-1.0552397486425618
11975,-2.032045590250116,-1.5353234801541955
11976,-1.390057611465454,-1.1591570586387878
11977,-0.9435561876448374,-0.8878891077165457
11978,-1.860544862169208,-1.6692890951440815
11979,-0.5827235850420865,-0.5241461730027617
11980,-0.7114877904108329,-0.5689641761461548
11981,-0.6562779744466146,-0.6498728806051544
11982,-1.708394769550294,-1.598169730911681
11983,-0.4818414297970858,-0.4340459284270422
11984,-0.5288541905085246,-0.5213960443567782
11985,-1.1443795686544374,-0.9200317165249237
11986,-3.10691785812378,-2.7446684922085627
11987,-0.9467186434194446,-0.7417653166634736
11988,-0.9289086123769598,-0.8437289240184999
11989,-1.0155488449499148,-0.8747810696411685
11990,-1.7521317886269612,-1.736289563669799
11991,-1.3157226347154187,-1.2153493525891321
11992,-0.7443126171827317,-0.7339952574539155
11993,-0.3950219623685821,-0.3369350426296019
11994,-0.827146848966909,-0.8647663557904702
11995,-0.6668407712131739,-0.5950997711955992
11996,-1.059649754864301,-0.974880206779871
11997,-0.4990585857583571,-0.49272841981813487
11998,-0.8414690718054771,-0.6809362369300828
11999,-0.968525108440902,-0.8539816844103516
12000,-0.8720082358796467,-0.8525276183605451
12001,-1.0720747853147572,-1.1340720664059991
12002,-1.2018815177355626,-1.1820269381401778
12003,-1.1794642570406892,-1.1924773811668672
12004,-0.9758778496306072,-1.0339738127670604
12005,-0.9585081200266994,-0.9629367622365904
12006,-0.7300670063772867,-0.7048981716272887
12007,-0.9951021079869232,-0.9840087711395941
12008,-1.4656921800716902,-1.4014929937171212
12009,-1.184715563936751,-1.1438665868120277
12010,-1.2104712493659917,-1.1624062076207684
12011,-1.1305776978587057,-1.034729110121337
12012,-2.160211426871164,-2.411847910971719
12013,-1.3885940010430382,-1.443278716223484
12014,-0.7865931627362274,-0.8184628408532215
12015,-1.0568041699007154,-1.1185227208977324
12016,-1.1051406592361688,-1.0941661353492687
12017,-1.116042038266973,-1.0794622330133996
12018,-1.1008572245753088,-1.0151550301024908
12019,-1.167115330696106,-1.144857507090833
12020,-1.043716081353121,-1.0006634391167093
12021,-0.974853941636492,-0.9260725461643016
12022,-0.9112426680187846,-0.8309176479429233
12023,-1.1694232890772265,-1.2236528116377177
12024,-1.026987485183302,-0.9064022153210932
12025,-0.362561466347458,-0.38241099282615043
12026,-1.0092090497645296,-0.9385151075844905
12027,-1.1122954732687895,-1.0933234148166777
12028,-1.011190558588782,-0.9870143614394487
12029,-1.242938663608344,-1.2282733855357733
12030,-1.3129591368889624,-1.3309794230417569
12031,-1.21572053247644,-1.1971212274426266
12032,-1.448639531468236,-1.43369118675403
12033,-0.8722514339195665,-0.8076835395193447
12034,-1.1046128143635832,-1.0654351524893846
12035,-1.0069083446680114,-0.9840728552917151
12036,-0.952023250857989,-0.9495215025660007
12037,-1.0993514781774476,-1.1847406612929594
12038,-0.9047263389409974,-0.9209022323586414
12039,-0.9567222502804542,-0.9730194120937152
12040,-0.6548132804723886,-0.6765349916913164
12041,-1.0887424650118334,-1.0094673413061341
12042,-1.0435097199077754,-1.0867482145652492
12043,-1.395357145819553,-1.27047653073599
12044,-0.9983353725699492,-1.0304096462221948
12045,-0.9125364242598069,-0.9229089555919638
12046,-0.9138582578794224,-0.8076814587519171
12047,-1.2776983560517776,-1.2917835589237092
12048,-0.969147704368414,-0.9991503960018223
12049,-0.9336867563484252,-0.9145660678139631
12050,-1.1144332211146983,-1.0449845997603897
12051,-1.2096707682276882,-1.262348857188565
12052,-1.1566882780356,-1.1931259773212564
12053,-1.3305990529614826,-1.3106701230524727
12054,-1.086136396541152,-1.245938981012359
12055,-0.7951340592184732,-0.7336423784480265
12056,-1.1314241960067155,-1.0627011070044827
12057,-0.974940726923388,-0.8909518597688034
12058,-1.1899692383847496,-1.1640187070305203
12059,-1.0325838179551354,-1.0915226604433044
12060,-1.2406356186829797,-1.2363904430905406
12061,-1.1780642418898353,-1.1465227721612214
12062,-0.9291971330494844,-1.014453609829146
12063,-1.5012538118879923,-1.4926722888588226
12064,-1.1661285657149094,-1.2900714403531133
12065,-0.7342041693916617,-0.6711393775059517
12066,-1.2722053684929544,-1.2302273505201131
12067,-0.8908264313557351,-0.9797443660530201
12068,-1.038441812345224,-0.9453631757642187
12069,-0.94219442208608,-0.9732912309867192
12070,-1.0897379124811453,-1.1372227836120643
12071,-1.2575117719265845,-1.1949121520722406
12072,-1.085601004519204,-1.097534687124626
12073,-1.019247327664102,-0.9714105814980354
12074,-1.0776682472968286,-1.1256654272905007
12075,-0.9121375062824352,-0.9023829224718809
12076,-1.4264488654543264,-1.3530025683839964
12077,-1.05384207511133,-1.0203875357094294
12078,-1.1329119390295457,-1.1530871921247883
12079,-1.0691562264652577,-0.9840289568003241
12080,-1.1238014134325722,-1.0260883719586447
12081,-0.912170874055966,-0.9191166927681612
12082,-1.1092317473980808,-1.1862821393105045
12083,-1.4305068818173667,-1.4193913815627612
12084,-0.7018697801625954,-0.671042883474761
12085,-1.1742049280063127,-1.1359799948185334
12086,-0.9126985923264378,-0.8866203482876357
12087,-0.931951313979866,-0.9340425140672661
12088,-1.0942957706229632,-1.027050921689383
12089,-0.8345462407252585,-0.88185900472284
12090,-1.0524974895078083,-1.0578796488732871
12091,-1.178967651470687,-1.2491714135502727
12092,-0.8526505194893179,-0.9028380390377229
12093,-0.8208654065464818,-0.7805468600399373
12094,-0.6634957533848437,-0.6720386447956653
12095,-0.9110840522041616,-0.7421837449067464
12096,-0.824310394220574,-0.7092674450298433
12097,-0.8193014592163322,-0.8009657215983702
12098,-1.1820609837539435,-1.1408953355486773
12099,-1.0835087733675344,-1.1205213646468164
12100,-2.447502606055316,-1.9735027665956684
12101,-1.1961910281070445,-1.135474007296662
12102,-1.0191220100535905,-0.9639188838906705
12103,-1.247922849655151,-1.2190102271837815
12104,-1.3724616642655998,-1.2107176093499243
12105,-0.8044200904609621,-0.7614675536085177
12106,-1.2925808040463194,-1.0359023059075447
12107,-1.0453438361485798,-0.962749899117889
12108,-0.6230627862057945,-0.5437848636314899
12109,-0.7518422220960076,-0.3946844554781781
12110,-0.8608161699204218,-0.6912434301744291
12111,-1.0201512217521669,-0.884235897792537
12112,-2.160211426871164,-2.4119922229003428
12113,-0.8427701717199281,-0.8192288107506717
12114,-0.6967164240777493,-0.46388450120352204
12115,-1.6734224061171217,-1.399378916498799
12116,-0.9311309387286504,-0.8078757698637304
12117,-1.2381970022999964,-1.1411874597214218
12118,-1.1492339235612716,-1.101478500780332
12119,-2.048451727086848,-2.015092018464795
12120,-1.1783617253486929,-1.1622221208280874
12121,-0.6906253376672434,-0.6113911488442574
12122,-0.8570708603393741,-0.8537662544950261
12123,-1.0215676486954208,-1.000679199381333
12124,-0.8105006338089935,-0.8618599714671763
12125,-0.4431292179018952,-0.45787706727709715
12126,-0.6151570728582929,-0.6555539435543396
12127,-2.121601078821265,-2.015602148919669
12128,-1.8555679605120703,-1.589014849795657
12129,-1.090178253474059,-1.0353983476326394
12130,-0.629272598773241,-0.6082845252864846
12131,-1.503702861291391,-1.2234824983973052
12132,-1.182568542659283,-1.1196460331522855
12133,-0.6408578185364604,-0.5666539073304471
12134,-1.0301703131476114,-1.0159272275517504
12135,-0.8577619513799978,-0.7500891885369553
12136,-0.932407173243436,-0.8516698440312039
12137,-1.1397844636163046,-1.1504627323196184
12138,-0.6113766882363267,-0.5999443095688456
12139,-1.3919961720474006,-1.3086435177897027
12140,-0.6486918403552129,-0.673074752750791
12141,-0.5925416595251985,-0.4849937385643
12142,-0.9505363471748292,-1.0477645453418856
12143,-1.3836885709171147,-1.2987647793091295
12144,-1.1405479637905955,-0.9932974469419446
12145,-0.9071623645722866,-0.8214422416739349
12146,-1.0806369591450349,-0.8107378989834235
12147,-0.689739888952684,-0.6372990672237168
12148,-1.2592176028660365,-1.1505921191628576
12149,-0.3831542410067658,-0.3750139706270035
12150,-0.7121399370953441,-0.6209431937791463
12151,-1.5272503305775251,-1.5877967839295892
12152,-0.8055794008018434,-0.8165440117784434
12153,-0.7130476393440898,-0.6730408117888541
12154,-1.0467096334323287,-0.9939608847865308
12155,-0.6633921104764181,-0.6168600220875625
12156,-1.0647133561067803,-0.7808317983345577
12157,-0.95387952549513,-0.9148647185783711
12158,-0.9040406355634332,-0.8315150604527294
12159,-0.8030298560857773,-0.8131826356098119
12160,-1.1885063001351763,-1.1741769860122826
12161,-1.00001728720963,-1.0058720923365787
12162,-1.073790194094181,-1.0619396765107092
12163,-0.9468177100643516,-0.8516450200616997
12164,-0.7732715524159945,-0.7575137147498096
12165,-0.5066335313340538,-0.3786603937863056
12166,-0.7343102924583494,-0.6864965248352076
12167,-1.01245682091676,-0.9445218946069449
12168,-0.7023618516995925,-0.7173957014004245
12169,-0.7530934117561163,-0.6348048370086722
12170,-0.506119117850349,-0.3597024177043034
12171,-0.6299288069555001,-0.5103907855880541
12172,-0.8576276849727241,-0.6583746814900526
12173,-0.7334532113745809,-0.7044896893233401
12174,-1.0725700127339997,-1.055239660469768
12175,-1.987360866446244,-1.5353231266746665
12176,-1.3866824501439146,-1.159157155143114
12177,-0.9162147839864097,-0.8878889676143588
12178,-1.7464653759291675,-1.669288301792876
12179,-0.6065089399164373,-0.5241462140410569
12180,-0.6397425952807877,-0.5689638635949079
12181,-0.6672003075133922,-0.6498730066878454
12182,-1.6103471018547235,-1.5981693183991383
12183,-0.4357195507396351,-0.4340459081482872
12184,-0.5431035502751669,-0.521396138193615
12185,-1.0542388110197791,-0.9200313297661926
12186,-2.933057489849272,-2.744667623279429
12187,-0.9345381539314984,-0.7417651367890045
12188,-0.8907745568327201,-0.8437287132767306
12189,-0.9668455626986442,-0.8747809798167286
12190,-1.6664501273113748,-1.7362892556806955
12191,-1.279024487541568,-1.215349119186102
12192,-0.7445273846387863,-0.7339953264465783
12193,-0.3829192204738226,-0.33693490656330743
12194,-0.8763533581134885,-0.8647663830043866
12195,-0.6448332350701094,-0.5950996379892062
12196,-1.063878649889037,-0.974880163258042
12197,-0.4531133064003877,-0.4927283115653642
12198,-0.8436264013871551,-0.6809361857153451
12199,-0.9029439918754636,-0.8539814750619251
12200,-0.8459609192471171,-0.8153727248757504
12201,-1.088111791117438,-1.0966926311098668
12202,-1.1771119343217953,-1.1608088016537905
12203,-1.226603587468465,-1.2021489037507218
12204,-1.0545031146485675,-1.0391560904225123
12205,-0.9925981824712236,-0.9852026463959379
12206,-0.734665782876717,-0.70542626485814
12207,-1.086959531140882,-1.1670587403569066
12208,-1.5089361658392026,-1.4334881368605976
12209,-1.13287138384442,-1.1117872326808604
12210,-1.30222146548042,-1.2887678935721851
12211,-1.774416058928102,-1.7000746892256138
12212,-1.924372741154262,-2.0925324431054317
12213,-1.4425939741681837,-1.436876855335566
12214,-0.8446419340695521,-0.8591828344022
12215,-1.1124336682260036,-1.1120179813100068
12216,-1.0896507104237874,-1.07539339098196
12217,-1.1437139455662215,-1.180878822532091
12218,-1.0463984252870544,-1.0310926037408064
12219,-1.191204873166343,-1.1532156240941456
12220,-1.0212700884471568,-1.0370852777506347
12221,-1.0455970172734224,-1.0254661155490166
12222,-1.0058993008709691,-1.0236288257585646
12223,-1.380209500475447,-1.29548935531675
12224,-1.254676066627798,-1.2432152590315575
12225,-0.3692958018718622,-0.3702240291347492
12226,-1.1536532908447028,-1.1200355731088334
12227,-1.2034348831620327,-1.1838005539841898
12228,-1.036314987397009,-1.0161247955117756
12229,-1.234749850376632,-1.2725570337960581
12230,-1.3592459979907487,-1.3632925154483375
12231,-1.3113053510355397,-1.2962282251214292
12232,-1.4707769811615463,-1.5178181619107767
12233,-0.9701434734255768,-0.9688113998361687
12234,-1.0966912729795588,-1.1039985382441624
12235,-1.0591308368268864,-1.1084357850964324
12236,-0.96045361161232,-0.9628040322213933
12237,-1.1062150426613269,-1.1836489346888317
12238,-0.8970105814379316,-0.8714222429652783
12239,-1.0467949985533722,-1.0519042909924452
12240,-0.6484284731057974,-0.6493878140039997
12241,-1.1197816022606784,-1.1090984065169778
12242,-1.2760193662125936,-1.334307624100278
12243,-1.531782193701397,-1.5101485691445269
12244,-1.0737836222315944,-1.120670390178303
12245,-0.9633768094602482,-0.9643349406917141
12246,-1.087831974029541,-1.0846153825342677
12247,-1.4116712780885918,-1.3969215687807728
12248,-1.057828937390054,-1.0596912596854933
12249,-0.9338505730148434,-0.9549648683488443
12250,-1.1967397050340047,-1.1832626830041744
12251,-1.3054420827895172,-1.305524020107713
12252,-1.1277149989623432,-1.1265899849883907
12253,-1.4171802590983782,-1.4259598603707981
12254,-1.168351224226545,-1.135707002516353
12255,-0.8047517445660377,-0.7565874061441726
12256,-1.2098570119502932,-1.1960745282667724
12257,-1.1754493768825087,-1.169222879544797
12258,-1.2528214593266331,-1.2982180809012824
12259,-1.0822737817616426,-1.0910996293677788
12260,-1.363418276919875,-1.3764067688860493
12261,-1.2254618110582811,-1.1834096646912933
12262,-0.9466178038323572,-0.9582854413957397
12263,-1.6274806907934736,-1.5960780347399548
12264,-1.1953847674223093,-1.2228544180297043
12265,-0.6736808719561082,-0.6269514748449245
12266,-1.2273847807285398,-1.2359008501537903
12267,-0.9345644860304604,-0.9359635448244449
12268,-1.0933200250300326,-1.067926115728164
12269,-0.952074922332468,-0.994306481193368
12270,-1.072085138439208,-1.0601734378809045
12271,-1.35314936508504,-1.340354794526265
12272,-1.1618335274762883,-1.117001428689047
12273,-1.0185466838437458,-1.0361457684286368
12274,-1.2254838352055513,-1.2577343356891473
12275,-0.9734553225272524,-0.9405361409145243
12276,-1.5048017973123595,-1.5019275339791598
12277,-1.0372421223987904,-1.0494349704716373
12278,-1.2099304956983226,-1.1862934020253733
12279,-1.169984874078783,-1.126346783658249
12280,-1.1003807579824167,-1.0569495121453365
12281,-0.9620593490526658,-0.9541869633402809
12282,-1.1345904252325842,-1.126481241564187
12283,-1.3762927988702938,-1.346357659059389
12284,-0.686346137298728,-0.6860638031982028
12285,-1.1967961649562038,-1.1763427157303548
12286,-0.9822582283685374,-0.966562509184755
12287,-0.946500161821528,-0.9128856919308811
12288,-1.0647973080938176,-1.018984094244081
12289,-0.9425334588501804,-0.9106146343569317
12290,-1.139396079750948,-1.1007917110833443
12291,-1.2245270494342777,-1.2458793623100894
12292,-0.9205725497977678,-0.9042099984781149
12293,-0.8272551677023717,-0.8213710811478078
12294,-0.583947094180916,-0.5911523981107856
12295,-1.0056074192357618,-0.9800976612818049
12296,-1.0253919935965723,-0.9900340831345775
12297,-0.9100656888281652,-0.8793095877173478
12298,-1.1805628131526384,-1.1732412556230587
12299,-1.080643236175064,-1.1006369736996815
12300,-2.136414051055908,-2.045677422790277
12301,-1.0747848296350286,-1.051853997445403
12302,-0.9404478433520296,-0.9358621818040994
12303,-1.198265216085646,-1.215328788675651
12304,-1.314530113647724,-1.1411303756839541
12305,-0.7589370326478352,-0.7343614386814507
12306,-1.149217199306099,-1.0971021521574116
12307,-0.9707532363344532,-0.9464387432409812
12308,-0.6091807008713714,-0.623416934651688
12309,-0.5948635678232452,-0.53272438067909
12310,-0.8057316643851143,-0.7922196523366408
12311,-0.8928031206130982,-0.8571567317953814
12312,-1.924372741154262,-2.09325650188575
12313,-0.783546619637068,-0.6979119506988759
12314,-0.7447950784116983,-0.6351531401817883
12315,-1.5218649208545685,-1.443607608151819
12316,-0.8718519826730092,-0.8287501274726683
12317,-1.183842807777168,-1.1635952316596414
12318,-1.024519117399194,-1.024094406312876
12319,-1.8831355951049111,-1.7543120692934575
12320,-1.1530624696841607,-1.161622986542568
12321,-0.6460095412971437,-0.6085356307604299
12322,-0.7303530152251081,-0.6790409292074991
12323,-0.944308545238288,-0.9345270624725939
12324,-0.7533524064130561,-0.738007973603328
12325,-0.4462651772092479,-0.44447654151563143
12326,-0.5894253937773002,-0.5937650162300958
12327,-1.843666066294131,-1.6598044264059282
12328,-1.801011846179054,-1.7578746288914175
12329,-1.131206386619144,-1.139902374987398
12330,-0.6183352936059237,-0.6147931193335249
12331,-1.5302887183648568,-1.4687459852749696
12332,-1.1089577246457338,-1.075933143790287
12333,-0.5940840831026435,-0.5608375156527482
12334,-0.939923510995022,-0.9329088807879176
12335,-0.8441740394562713,-0.7819965678032256
12336,-0.8395575948736884,-0.8145362521777775
12337,-1.0599482891171477,-1.0349290440646532
12338,-0.5988305168827688,-0.58566487413221
12339,-1.3599553219107694,-1.3533972208244514
12340,-0.6468160390853882,-0.6482725490107192
12341,-0.522886594136556,-0.4959623079349333
12342,-0.9353539352269136,-0.9565130967923543
12343,-1.3071878104246863,-1.280093254208139
12344,-1.106132528744638,-1.0295463953548771
12345,-0.8590399604290724,-0.8103987264966978
12346,-1.017085502113121,-0.9257623992173996
12347,-0.6274477834849395,-0.5675448269110297
12348,-1.1846838082586015,-1.1969601416098128
12349,-0.4110900999894782,-0.387245607360923
12350,-0.685842958278954,-0.6655785193435563
12351,-1.3638056840083397,-1.4014308626904592
12352,-0.8396693440370782,-0.8255050132167727
12353,-0.659954446230748,-0.6256250865318177
12354,-1.017237107269466,-1.0074845928213767
12355,-0.6333020793067085,-0.621868973106281
12356,-1.048104589299638,-0.9715797848565095
12357,-0.9636732127315314,-0.9334610213439118
12358,-0.9425963871181012,-0.905002167301782
12359,-0.7876322637001674,-0.799608884927407
12360,-1.1145334105158962,-1.0813461185546425
12361,-0.9550944305956364,-0.944713972723873
12362,-1.023604217171669,-0.989460828678989
12363,-0.8799663791432977,-0.8621351487941002
12364,-0.8090191602706909,-0.8142940191519638
12365,-0.4284461746867905,-0.37896977428796846
12366,-0.6967987450518349,-0.6921482779937566
12367,-0.9272653603738592,-0.9236865732879724
12368,-0.7163429777751598,-0.7106914741013944
12369,-0.7013353340385496,-0.6581980102460145
12370,-0.4704950092330811,-0.4417913988583635
12371,-0.5309808235759883,-0.5253566544649706
12372,-0.7930149156220105,-0.7698887627173442
12373,-0.7475332962349057,-0.768205700889224
12374,-1.0675976613981537,-1.1107262593905913
12375,-1.8504526866109747,-1.6437206835395188
12376,-1.2652872160861366,-1.1954928691196982
12377,-0.8254358881995791,-0.7952796463527044
12378,-1.7263578501614658,-1.6430419240716292
12379,-0.5873292272741144,-0.5570383300847795
12380,-0.699662255686383,-0.6597279813905347
12381,-0.6393096077349759,-0.6369948271586361
12382,-1.5180166479229005,-1.4780870290871768
12383,-0.4332388942891901,-0.41812914068730755
12384,-0.5015425523122151,-0.4845931951213823
12385,-1.0733938346537508,-1.04468738077922
12386,-2.688084352584112,-2.469349514447686
12387,-0.8927375543862581,-0.8688910110551356
12388,-0.8829768397087274,-0.8342464756756641
12389,-0.9109729167518266,-0.8914394226315143
12390,-1.701838140902312,-1.629809953216058
12391,-1.2622926369790108,-1.1954884090352897
12392,-0.6653259456157684,-0.6482877692296445
12393,-0.3835831720997968,-0.3799555440732039
12394,-0.8458642820979274,-0.8968998460211142
12395,-0.6183392219245434,-0.5779887169224565
12396,-1.0350935838019202,-1.0333639660799119
12397,-0.4359390597010767,-0.4260020748052818
12398,-0.7482275646179914,-0.7362944952395006
12399,-0.8482881331628607,-0.8326293503982505
12400,-0.8498971480731816,-0.8153725386925258
12401,-1.0976767694127971,-1.096694107919292
12402,-1.1757624380348264,-1.1608095485736272
12403,-1.2582143942515056,-1.2021511826061326
12404,-1.0597502908041312,-1.0391585233423233
12405,-0.9915949522062788,-0.9852035383996751
12406,-0.7362939359605775,-0.7054280658833837
12407,-1.1019087669461272,-1.1670589571894587
12408,-1.512032951495444,-1.433488183992311
12409,-1.1603778397390083,-1.1117898294398163
12410,-1.3102487889371175,-1.2887700165619524
12411,-1.784748681298979,-1.7000736795446671
12412,-2.010675319603511,-2.0925402251619962
12413,-1.450431406497955,-1.4368792276784363
12414,-0.8499202774476635,-0.8591835392215273
12415,-1.108504267409444,-1.112018452839076
12416,-1.1032710528188898,-1.0753944662925952
12417,-1.1657067897707918,-1.1808794762135992
12418,-1.0606783683909926,-1.0310943433014557
12419,-1.1941229613252389,-1.1532155444483123
12420,-1.0562937998956488,-1.0370894772040815
12421,-1.036516090696172,-1.0254679371048094
12422,-1.0484303485515505,-1.0236313143581686
12423,-1.395713632420976,-1.2954895162390525
12424,-1.2468041440313176,-1.2432161380094064
12425,-0.3719703010004809,-0.3702249206850315
12426,-1.1338347575461218,-1.1200343381199125
12427,-1.2048229820044465,-1.1838014792910954
12428,-1.0405941018762517,-1.0161269982536862
12429,-1.2811317970586378,-1.2725617551791606
12430,-1.35928461163543,-1.3632935482346753
12431,-1.3228388479513715,-1.2962301598762775
12432,-1.4936615080796471,-1.5178189465202534
12433,-0.9676006524137748,-0.9688127877808932
12434,-1.1086481144261917,-1.103999929168397
12435,-1.055253964985988,-1.1084362191782346
12436,-0.9662567168474198,-0.9628067088484026
12437,-1.103237367415613,-1.1836501265614372
12438,-0.8967298093692276,-0.8714222158435275
12439,-1.0122912613920465,-1.051902288002077
12440,-0.6593298095923203,-0.649388670185162
12441,-1.138937886371169,-1.1091010342300118
12442,-1.2640834843465525,-1.3343061365117803
12443,-1.5331722045129583,-1.5101481171839903
12444,-1.069987818252209,-1.1206711231335138
12445,-0.9725096586138704,-0.9643372885098624
12446,-1.1000263174687783,-1.0846179505097604
12447,-1.406337717706843,-1.3969212253323415
12448,-1.0703855521919192,-1.0596925551153638
12449,-0.9676047498865644,-0.9549676335036279
12450,-1.202592326689136,-1.1832630569786677
12451,-1.3215535232263018,-1.305526514236295
12452,-1.1299213559128518,-1.12659062930529
12453,-1.4426166918850685,-1.4259586024843138
12454,-1.1319692402847052,-1.1357049711675717
12455,-0.8077413213345431,-0.7565887411958551
12456,-1.2168350155039351,-1.1960743618887288
12457,-1.1866570951402649,-1.169222676394448
12458,-1.2850057940150417,-1.298221357689774
12459,-1.077811555344929,-1.0911004869938814
12460,-1.3396346319553465,-1.3764069458231305
12461,-1.237168831418651,-1.1834111520811745
12462,-0.9547538165898286,-0.9582851518744769
12463,-1.6409967860510184,-1.5960792208544905
12464,-1.2020388740759629,-1.2228529185948809
12465,-0.6992183433946713,-0.6269539982908273
12466,-1.2468492337899617,-1.2359032912599435
12467,-0.9448726103287336,-0.9359638676292346
12468,-1.1066103166387986,-1.0679263406407922
12469,-0.971835268560306,-0.994309370298211
12470,-1.0801547996757566,-1.0601745595917638
12471,-1.34773088148398,-1.3403545038465094
12472,-1.1559735120728958,-1.1170022549549428
12473,-1.030690730080124,-1.0361473448495702
12474,-1.2286124294118363,-1.257734991105488
12475,-0.9662723646754712,-0.9405362581722045
12476,-1.510969741399898,-1.5019293227986117
12477,-1.0581433042999386,-1.0494379528742617
12478,-1.1891157987505891,-1.1862919816719146
12479,-1.1766568947646578,-1.1263475091475712
12480,-1.102427959442139,-1.056949507745565
12481,-0.977996682011804,-0.9541884218256202
12482,-1.1515886654225431,-1.126482475619611
12483,-1.383512535760569,-1.3463566294395957
12484,-0.7084576521279677,-0.6860653301594777
12485,-1.1873849168304325,-1.176342463152181
12486,-0.9971129524615384,-0.966563870423502
12487,-0.9314956831377608,-0.9128844433146297
12488,-1.082909109980561,-1.0189843709619413
12489,-0.9301018372986668,-0.910614640330837
12490,-1.115976098895997,-1.100790053916877
12491,-1.2163619856501735,-1.2458787611030757
12492,-0.9056354631749236,-0.9042086743930079
12493,-0.8447306960128075,-0.8213718080505032
12494,-0.6257582993447026,-0.5911522345964223
12495,-1.0003300951432812,-0.9800961222151976
12496,-1.0211734901102938,-0.9900321604548569
12497,-0.8906520669774491,-0.8793085765165162
12498,-1.1978513713954957,-1.1732424090011213
12499,-1.0748801148215006,-1.1006373556614162
12500,-2.158773092662587,-2.0456780694974173
12501,-1.041242658629898,-1.0518469735636562
12502,-0.9171907245650772,-0.9358606076878206
12503,-1.1422966215345594,-1.2153208348678126
12504,-1.362277659876593,-1.1411388341584332
12505,-0.7637639831202899,-0.7343621117739896
12506,-1.1438525574547904,-1.0971016859221383
12507,-0.9573508870694064,-0.9464349522105213
12508,-0.6106061648952869,-0.6234156894205028
12509,-0.616848462893639,-0.5327230558697027
12510,-0.8127059618631999,-0.792220666953317
12511,-0.9370924512545268,-0.8571591020193304
12512,-2.0111106974737987,-2.0932644266826363
12513,-0.7472005315529283,-0.69790902944121
12514,-0.7231670087203383,-0.6351519004864488
12515,-1.5288172728485532,-1.4436104210439233
12516,-0.8692768583695094,-0.8287490077049291
12517,-1.176958668139554,-1.1635919196266935
12518,-1.0465984125246948,-1.0240944765980504
12519,-1.7991305264559658,-1.7543007640600203
12520,-1.1030580699443815,-1.1616180530939744
12521,-0.6256336084631986,-0.6085301339769573
12522,-0.7038766465535978,-0.6790365523523441
12523,-0.9158283314963644,-0.9345232541641815
12524,-0.7216357704280882,-0.7380071985592783
12525,-0.4478850660398025,-0.4444771598810314
12526,-0.5838454961776733,-0.5937621615039883
12527,-1.7602685223455017,-1.6597977126191936
12528,-1.8216697772343955,-1.7578730428853213
12529,-1.0944797308356673,-1.1399025480564458
12530,-0.6150141777470708,-0.6147900554002098
12531,-1.5950168017987851,-1.468750236632839
12532,-1.0815196316689253,-1.0759297165042816
12533,-0.5799148585647345,-0.5608367512266028
12534,-0.923664129057596,-0.9329047955639095
12535,-0.8192986286887827,-0.7819933968663926
12536,-0.8493116633458571,-0.8145366632838457
12537,-1.0253066619237263,-1.034928828693715
12538,-0.5745420089856846,-0.5856641190521757
12539,-1.3592893005341522,-1.3533962935862986
12540,-0.6566030832437368,-0.6482734291980126
12541,-0.4757746550463891,-0.4959594663593007
12542,-0.9203277964924657,-0.9565107979043005
12543,-1.300955706788588,-1.2800917974706238
12544,-1.0502066686749458,-1.02953961378745
12545,-0.8512587426230311,-0.810397352160318
12546,-0.9979481420655182,-0.9257577816201306
12547,-0.6002773610196372,-0.5675399641908743
12548,-1.237882435321808,-1.1969669881931957
12549,-0.4033086104179496,-0.3872439763498562
12550,-0.6799767958000302,-0.6655775294876298
12551,-1.3501787333525428,-1.4014292734464817
12552,-0.8242327326027922,-0.8255019665587953
12553,-0.6451149023780527,-0.6256218146654895
12554,-0.9926917422562838,-1.0074831281412862
12555,-0.6609772103173392,-0.621871570714745
12556,-1.0539750923482023,-0.971578477546032
12557,-0.9578904772913732,-0.9334589203098874
12558,-0.9056769842281938,-0.9049962938358672
12559,-0.7880596727132797,-0.7996098704351442
12560,-1.0818005495293197,-1.0813435968381997
12561,-0.9291207501664758,-0.9447106751989345
12562,-1.017985762655735,-0.9894590398617629
12563,-0.8745907656848431,-0.8621332078038084
12564,-0.7926527078335102,-0.8142839005459251
12565,-0.437583671675788,-0.37897018936582405
12566,-0.7130609094634537,-0.6921475317888067
12567,-0.9275382618571436,-0.9236847028029217
12568,-0.7097509249236232,-0.7106899093750468
12569,-0.6516275516776151,-0.6581928006539155
12570,-0.4589955257991003,-0.44178975258886566
12571,-0.516514682030493,-0.5253543044209533
12572,-0.7893392480149561,-0.7698865851999788
12573,-0.7451167171820998,-0.7682052166421586
12574,-1.0509509639402406,-1.1107248217861876
12575,-1.848933420683208,-1.643714920268249
12576,-1.2730563665691177,-1.1954944425647327
12577,-0.840976045245216,-0.7952773620707523
12578,-1.6268428275079438,-1.6430289889570509
12579,-0.596651163968173,-0.5570389991895169
12580,-0.6543583601944206,-0.6597228854303075
12581,-0.6509257767551629,-0.6369968828611338
12582,-1.482126615768255,-1.4780803033181067
12583,-0.4387688420035622,-0.4181288100543953
12584,-0.5124026775360108,-0.4845947250746064
12585,-1.0525606048199558,-1.044681074910566
12586,-2.61775571391696,-2.4693353470804156
12587,-0.8823802340775728,-0.8688880783100279
12588,-0.8765680411065272,-0.8342430396577777
12589,-0.9159809241601088,-0.891437958098008
12590,-1.6677871476049009,-1.6298049316388332
12591,-1.2573966326252106,-1.195484603539163
12592,-0.6945534378290177,-0.6482888941135436
12593,-0.3857066706409605,-0.3799533255940535
12594,-0.8685858776403028,-0.8969002897276643
12595,-0.5982545893639326,-0.5779865450722806
12596,-1.046986886697222,-1.0333632564826492
12597,-0.4277080676352331,-0.4260003098089192
12598,-0.7401976268738508,-0.7362936602139842
12599,-0.8174299482227296,-0.8326259370979834
12600,-0.9022614632466044,-0.9339461683918959
12601,-1.0684528720789943,-1.1072859527735879
12602,-1.224501179170239,-1.2200361326991431
12603,-1.2511000032572783,-1.2437053866472667
12604,-1.0220333300819693,-1.051184445696592
12605,-0.9982755387476248,-1.0156737646083194
12606,-0.7547405597775482,-0.7736047743518844
12607,-1.0666892565498056,-1.11542799922539
12608,-1.5250174417052158,-1.5019034479939664
12609,-1.185478310252345,-1.2463475265552217
12610,-1.3336839426395506,-1.3656221101450365
12611,-1.819198844197032,-1.7753239512006878
12612,-2.1153694220951627,-2.385871274130685
12613,-1.4450814098608298,-1.4571167220834824
12614,-0.8849702777788621,-0.8713125695861895
12615,-1.1245291037485003,-1.1253407349189124
12616,-1.105875326681507,-1.108210269178839
12617,-1.179694695990215,-1.1520943977420026
12618,-1.1547257669212283,-1.1633303140793043
12619,-1.1917448690695356,-1.1613345814613716
12620,-1.0609060387278713,-1.0927318208285388
12621,-1.0812973079755324,-1.0995569709659545
12622,-1.0403396242348724,-1.0490091983662095
12623,-1.3620660425156583,-1.3086906637640268
12624,-1.2673983786457268,-1.2449027312202352
12625,-0.3666072034428262,-0.37447522983931414
12626,-1.1513314163962076,-1.0512368586636325
12627,-1.17034520104874,-1.1780551391670562
12628,-1.0253407206646232,-1.0305740368150618
12629,-1.2814850197281948,-1.288433592140829
12630,-1.31683667870455,-1.3443418405468768
12631,-1.3158877977105077,-1.2967342221459677
12632,-1.4919133260268571,-1.5344747569825916
12633,-0.9485653361608816,-0.979397052326252
12634,-1.1065555977266888,-1.1429758142747315
12635,-1.0382196635238885,-1.0640866371396285
12636,-0.99332412481308,-1.0419316407707007
12637,-1.0742203958274783,-1.1279714172200643
12638,-0.9401011550149252,-0.9418544199423583
12639,-1.0491173452185103,-1.0854452817631013
12640,-0.6540655071918781,-0.664579914777707
12641,-1.1657332828802656,-1.195199677186419
12642,-1.2259070328039716,-1.2453817692837976
12643,-1.5302344486694928,-1.4984577182651488
12644,-1.05616557598114,-1.1377310811395183
12645,-0.9763383560402448,-1.0137913171635122
12646,-1.1120337294781302,-1.117605325743908
12647,-1.3685154517491658,-1.346289776092352
12648,-1.0589502282844958,-1.1024014250560632
12649,-0.967871672423311,-1.022544981281271
12650,-1.2076136197230614,-1.164883121039516
12651,-1.3443672037863916,-1.3494216536366666
12652,-1.1559948551562405,-1.1855596313180852
12653,-1.370316417642342,-1.3699709180097552
12654,-1.1362344858258269,-1.153921170444144
12655,-0.8232505765072134,-0.8334155683369604
12656,-1.2248377310213192,-1.2005803973175757
12657,-1.180412122445513,-1.1452232131046225
12658,-1.2700233219205872,-1.3165477862345774
12659,-1.056050222973491,-1.1118938990649638
12660,-1.3492842737094377,-1.4246695864108185
12661,-1.298072674477747,-1.2867864358024697
12662,-0.9227416635483734,-0.9291459981169197
12663,-1.6368818467901658,-1.6167010198267855
12664,-1.19209239757978,-1.2038600353094249
12665,-0.7261015851368275,-0.7098404581848657
12666,-1.2549909029820168,-1.2937990772015673
12667,-0.9483292842096136,-0.9633951076241432
12668,-1.1300177648085956,-1.1153683785628286
12669,-0.9434006509854812,-0.9594245428262755
12670,-1.0987739396649738,-1.140067621102937
12671,-1.3287912902905958,-1.2933222542129437
12672,-1.2205517162648285,-1.2166178106337555
12673,-1.0697307660598163,-1.0662864828602596
12674,-1.216652791629466,-1.2461078570486657
12675,-0.957870967620242,-0.9591134466604503
12676,-1.5392589328825013,-1.5606210003835592
12677,-1.0651425548302111,-1.1146784278465494
12678,-1.20790564551834,-1.237103888538765
12679,-1.2275606696888552,-1.220905068230494
12680,-1.1618412834729337,-1.0839797409313898
12681,-0.966690504273703,-0.9523100159889044
12682,-1.1821741216866546,-1.2231682600593077
12683,-1.4430947303771973,-1.4118871842859941
12684,-0.7019910868608726,-0.7212061259731558
12685,-1.24339072648869,-1.2047736808003071
12686,-0.9570623839548392,-0.9403920641857215
12687,-0.9891486260318016,-0.9416324879771976
12688,-1.1323659383049307,-1.098992973643064
12689,-0.9421425115230472,-0.9511784219618609
12690,-1.1393200001975363,-1.091229674119974
12691,-1.20438422158707,-1.1969243463619734
12692,-0.9365337514138036,-0.9386061426897072
12693,-0.8736670275991277,-0.8807117116543672
12694,-0.649132585223717,-0.6347600664267559
12695,-1.0370725171510564,-0.978288280871487
12696,-1.0152571635652885,-0.9453533505900573
12697,-0.9226160021715386,-0.9123500271361003
12698,-1.2213013449380563,-1.2216179130613345
12699,-1.0692577325096426,-1.0962143055228302
12700,-2.2172281040864834,-2.1957428689096474
12701,-1.0843919145968532,-1.0237975419337737
12702,-0.9501813178838684,-0.8976732717311962
12703,-1.2357514090008206,-1.129921544922721
12704,-1.3871159635741137,-1.2939864287431213
12705,-0.7838863448579182,-0.7575551909069681
12706,-1.224046831228295,-1.142262916175686
12707,-1.0366064356279003,-0.9630095050008409
12708,-0.6026980978573939,-0.6062177410421441
12709,-0.6427591111924913,-0.5432129897207869
12710,-0.8376617465700422,-0.7822245257241378
12711,-0.9410399238268534,-0.964578794108497
12712,-2.11604266507285,-2.3853983481725063
12713,-0.769618594369223,-0.6744742051575529
12714,-0.7643515123054385,-0.6035817277928183
12715,-1.6166884038183424,-1.4818005009933743
12716,-0.9065778205792108,-0.8639648867977986
12717,-1.202690186426621,-1.1432560109352874
12718,-1.07653061685891,-1.0652135802411478
12719,-1.860006554560228,-1.7643254399299613
12720,-1.0245745938557844,-0.9633658283796055
12721,-0.6510578329248946,-0.5356280421717831
12722,-0.7444569861016622,-0.6828914817755779
12723,-0.981897939083188,-0.9232028882940908
12724,-0.7264899736226991,-0.6679809555526847
12725,-0.4459525476130404,-0.4495676081309947
12726,-0.5840436746907789,-0.5659024441273017
12727,-1.822029134501581,-1.6941687179648346
12728,-1.803284923235576,-1.651133416190979
12729,-1.0348656000914398,-1.0515134540604956
12730,-0.5796883525326848,-0.5145978787913914
12731,-1.4814959146358349,-1.2880769291041803
12732,-1.097567449323833,-1.0701583279296754
12733,-0.585507458075881,-0.5373427383601661
12734,-0.962665646575218,-0.869478939731607
12735,-0.8951325573662455,-0.8470798188709772
12736,-0.9104564664038745,-0.8986586567127338
12737,-1.0570315972779147,-1.0045750926631358
12738,-0.5565273038984284,-0.5717339525072592
12739,-1.3690430184667424,-1.2988630108130987
12740,-0.6477909904259902,-0.6608536069209759
12741,-0.4988823694776195,-0.4338250378921659
12742,-0.943236467450164,-0.9391305542115398
12743,-1.29847995070524,-1.231947088118363
12744,-1.1493872003629804,-1.027136884940166
12745,-0.8951453855261207,-0.8006143557528651
12746,-1.1406307825143789,-0.9148082773466604
12747,-0.6834859081016954,-0.5731064241369863
12748,-1.1980706368173872,-1.235806138742538
12749,-0.3977578451384359,-0.3899541162139742
12750,-0.713526513427496,-0.6566342587272318
12751,-1.3896875418433847,-1.401069110062079
12752,-0.8241267952808115,-0.7999069662981251
12753,-0.6861044094544049,-0.6313597718566575
12754,-1.052820204757154,-1.0236773742362852
12755,-0.663418279753791,-0.6589618107629203
12756,-1.0894677398740784,-0.9802499803153724
12757,-0.9403283041577006,-0.8545595496815916
12758,-0.9083106750622392,-0.8388159337143098
12759,-0.789306711157163,-0.8067895077996784
12760,-1.1017166357631831,-1.0632411768270094
12761,-0.9627478560432792,-0.8882741037135315
12762,-1.0251613855361938,-0.9943793083230653
12763,-0.8952377084642649,-0.8286926181366041
12764,-0.8084546208381653,-0.7482262244591337
12765,-0.4650240056535117,-0.4135075016239087
12766,-0.7254665969878205,-0.7138000018220844
12767,-0.9481862349103588,-0.8190044595905654
12768,-0.7173940617908803,-0.6976702964891142
12769,-0.7059662138768869,-0.5953006424029046
12770,-0.4899934246426537,-0.46798761685689233
12771,-0.5419507932293323,-0.46831758354985376
12772,-0.8327205935303046,-0.7318878830695625
12773,-0.7224940387532115,-0.7120672420909003
12774,-1.0662786348731117,-1.034571564654685
12775,-1.9465302291669344,-1.7979670595704458
12776,-1.34773966513182,-1.3026800239295286
12777,-0.8638338304701305,-0.7636228232156652
12778,-1.6863872029564595,-1.568508132539613
12779,-0.5753409580750899,-0.5429328513867926
12780,-0.6581663798916247,-0.5410579436817211
12781,-0.6629159718520882,-0.6700199737721326
12782,-1.547477738801823,-1.4226439880154225
12783,-0.4145830002698031,-0.4392025492408056
12784,-0.506273110707601,-0.5179324319627552
12785,-1.0621088114819786,-0.902491573523488
12786,-2.6468342485881986,-2.459557357288541
12787,-0.8871978502720594,-0.787540721396604
12788,-0.8923895128013551,-0.8355917333016403
12789,-0.932340906300676,-0.8720066434381928
12790,-1.6603106001149053,-1.570633217908334
12791,-1.2569819265796291,-1.1848030071104718
12792,-0.7163682341575622,-0.71831969221433
12793,-0.3721768827888909,-0.3551429807357585
12794,-0.8562072598656942,-0.8796562760375266
12795,-0.6198644237592816,-0.5751733950649695
12796,-1.0798515968544538,-1.051637229685327
12797,-0.452059877011203,-0.42759565666356425
12798,-0.7866211300715804,-0.7664601787303877
12799,-0.8243082761764526,-0.7656026539568441
12800,-0.7790874501531438,-0.8154861579378299
12801,-0.9287020039969476,-0.998161262919669
12802,-1.0550427390623462,-1.0901652619579665
12803,-1.0792400504267492,-1.1164545381568716
12804,-0.9328638536985532,-1.0066822770558383
12805,-0.8337253017943035,-0.8918333631306967
12806,-0.6066125603609307,-0.6465878528367239
12807,-0.8847235866295274,-0.9730073068018907
12808,-1.1977715806443563,-1.2647558006579844
12809,-1.105196800342826,-1.1184485527464538
12810,-1.0857193312903708,-1.1515333330147142
12811,-1.0242733850583925,-1.4255364055044968
12812,-1.9388437952314104,-2.111220399224544
12813,-1.296746551990509,-1.3128725246605275
12814,-0.5962020186490791,-0.7142038789969384
12815,-1.0747658014297483,-1.1046284292065705
12816,-1.0098486427188844,-1.0234853426855917
12817,-0.9765992552735084,-1.0395576077571784
12818,-0.8581883962764296,-0.9219383131309166
12819,-1.0539043633512748,-1.0543186592122222
12820,-0.8249492155489071,-0.9104948785252402
12821,-0.793122971704764,-0.8472871593939062
12822,-0.82272156634072,-0.8774846915314427
12823,-1.0925495938737264,-1.1975575818431232
12824,-0.7064711040304613,-0.8548178469293257
12825,-0.3961435332257523,-0.39969574611653386
12826,-0.8180063122002653,-0.845543344895619
12827,-1.0700699599214305,-1.0872624266225057
12828,-0.9165308493976444,-0.9209677218440115
12829,-1.025593433269235,-1.1010962256149375
12830,-1.1737839953843938,-1.255450548929094
12831,-1.0620339120081228,-1.1264618462982097
12832,-1.3441413613252862,-1.3714341868850712
12833,-0.7431628140368203,-0.8187392847995711
12834,-0.9161815883577332,-0.9659793034556787
12835,-0.8709388074948806,-0.9346765018962749
12836,-0.818929464618365,-0.8797921820406122
12837,-1.0761013714842094,-1.1306161367497352
12838,-0.7889342566793279,-0.8496014084400936
12839,-0.947772879933202,-0.9243578364451819
12840,-0.6399133865649883,-0.6590459098111726
12841,-0.7990432663481365,-0.8816157112123644
12842,-0.9426828890807868,-1.062696933601477
12843,-1.2100353167038556,-1.241399511059255
12844,-0.8680147061976351,-1.0030874013016051
12845,-0.8063341721083767,-0.8645878771362898
12846,-0.6822089538799496,-0.8215226726500131
12847,-1.070529347242311,-1.2252976968230747
12848,-0.874116813489633,-0.9161184511406545
12849,-0.8573367115139037,-0.9286202796945107
12850,-0.9321633512659592,-0.9593434076097265
12851,-1.0593691472859346,-1.2131536975947312
12852,-1.0591406129127323,-1.1035684205659193
12853,-1.26017645625181,-1.2977348810039575
12854,-0.912190228469612,-1.0629708301039695
12855,-0.6467537833738697,-0.6768474477084792
12856,-0.9415531454160232,-1.0098950940182996
12857,-0.7838361642157384,-0.8979775138787491
12858,-1.0193449877953344,-1.1620039235833595
12859,-0.9095159334729808,-1.0101180549896576
12860,-1.0704143518625304,-1.2454616437819417
12861,-0.9696158327797588,-1.0689293749332418
12862,-0.96101554050002,-0.9510894554464797
12863,-1.3733073907305104,-1.4791524318399902
12864,-1.0146566941187931,-1.103458473794274
12865,-0.5173211458117463,-0.5654621609965448
12866,-1.1392782427543815,-1.1488163196381203
12867,-0.7381729247958161,-0.8268925757434252
12868,-0.8536440706992334,-0.8948123060302373
12869,-0.7871741878893949,-0.8388726058222885
12870,-1.0762699010760286,-1.0958388136744215
12871,-1.0816792831864468,-1.1480052592395877
12872,-0.9568317028903222,-1.027332722974985
12873,-0.8436926233676053,-0.8892268176390139
12874,-1.0065571420876556,-1.121418665066528
12875,-0.7838519125913097,-0.8529917394746859
12876,-1.2545580568239671,-1.3564065253550392
12877,-0.9255869490231654,-0.9781894849433812
12878,-0.8887647501257963,-1.0893878086431947
12879,-0.9874877303333606,-1.0363931423545774
12880,-0.8876372474108556,-0.9093983275130482
12881,-0.8374419674392819,-0.8729782650527182
12882,-0.9406310523203176,-1.1049450872869722
12883,-1.257636817850808,-1.3178932915913455
12884,-0.6738766060685212,-0.6802468279554379
12885,-0.9726884217225304,-1.026484813201313
12886,-0.7514548800712408,-0.7958027619403882
12887,-0.8301709585411604,-0.8392840629771097
12888,-0.9707074608913688,-0.9668665585457263
12889,-0.7527310062748517,-0.8198532543045006
12890,-1.0295549760493197,-1.0339001025478303
12891,-1.0677287569341734,-1.1438815482887
12892,-0.7867437656535659,-0.8605883798747704
12893,-0.6248685731444248,-0.6901166097056529
12894,-0.6447172919406167,-0.6498657386658286
12895,-0.7113532474798749,-0.7359592086539879
12896,-0.614299875821254,-0.6629672100779416
12897,-0.6060366205466811,-0.7003539449847231
12898,-0.9749304730762808,-1.0779792598947833
12899,-1.0153457092684368,-1.0355946196157273
12900,-2.6888805207084205,-2.380674524663133
12901,-1.4692453746647798,-1.2417227089097818
12902,-1.1538710150607796,-1.0684101347981225
12903,-1.5805662764443291,-1.4214351468328237
12904,-1.293299621549146,-1.2129550114575276
12905,-0.818489060845486,-0.7912168473669441
12906,-1.2323940116531995,-1.1548961049012683
12907,-1.0517913093862608,-0.9942775303364355
12908,-0.6820566441661627,-0.6224314351968188
12909,-0.7733544832394447,-0.5509996608107697
12910,-0.8999878894715082,-0.8061071578470199
12911,-1.2413630525271098,-0.9954464547287472
12912,-1.9409494996070864,-2.1112719043653563
12913,-1.0383411738299584,-0.8798887152060311
12914,-0.861300690099597,-0.7120287649872312
12915,-1.515940977467431,-1.4456386200880775
12916,-0.9711373021205266,-0.9102999151087747
12917,-1.3165024177048557,-1.2138220011119232
12918,-1.373344951662524,-1.2028535264289637
12919,-2.538209655068137,-2.2752343879311736
12920,-1.388972092133302,-1.2831204496257027
12921,-0.7586809405984805,-0.6632583530363294
12922,-1.0560016995523034,-0.9196739781858532
12923,-1.1505453438721889,-1.0759940600262146
12924,-1.3259186522905215,-1.0925584047244181
12925,-0.4724275261856789,-0.4757799625537015
12926,-0.7367394543433374,-0.6792126699828208
12927,-2.351835966110229,-2.1753233997472448
12928,-1.887547861962092,-1.7614511576307381
12929,-1.2987006527406195,-1.2034014428750037
12930,-0.903679070994258,-0.7355219266261689
12931,-1.485583808686998,-1.3256200565379328
12932,-1.2092539835721254,-1.1859106766742573
12933,-0.6897453935816884,-0.6068882454228051
12934,-1.1924021974090455,-1.064269910713127
12935,-0.8404149842816729,-0.7629604253244278
12936,-0.9719750136137008,-0.936559990018757
12937,-1.2330546157304632,-1.2246186659290335
12938,-0.7819299810514675,-0.6850263428894808
12939,-1.53081953155902,-1.432891127344245
12940,-0.6389217275839586,-0.6582009095146666
12941,-0.6873153688371644,-0.5639613213279852
12942,-1.4170765664226326,-1.2208929876948635
12943,-1.442176347555116,-1.3646973189361553
12944,-1.3756887633353472,-1.2105213326036623
12945,-0.926908414810896,-0.8507093018255927
12946,-1.1914363702138264,-1.012803220090425
12947,-0.9334100521812144,-0.7064051978368308
12948,-1.0465965270996094,-1.0771057629678968
12949,-0.4417741316467968,-0.40559810669715957
12950,-0.9266814943403006,-0.7648510813738599
12951,-1.5393200798552165,-1.5830978006644827
12952,-1.0267923155496286,-0.9151267497666042
12953,-0.8553759256998698,-0.7583911791573776
12954,-1.1002181377261877,-1.0445401852155785
12955,-0.6481916942293682,-0.638757035652233
12956,-1.1079566016677738,-0.9787690275306927
12957,-1.101346110188684,-0.9780747934814116
12958,-1.1636989256367087,-1.0135719274196981
12959,-0.7994612077871959,-0.8010339597720826
12960,-1.2140298074530076,-1.1749628228264921
12961,-1.141524599865079,-1.0789509112974631
12962,-1.2137454748153689,-1.1517643686919343
12963,-1.0576568748801949,-0.9574352076620928
12964,-1.0522249597769515,-0.8620089485743576
12965,-0.5082013056828425,-0.42483989220141494
12966,-0.7972347736358643,-0.7209078656011985
12967,-1.1483498109403507,-1.0020245385836224
12968,-0.7660601000453151,-0.7447959581539048
12969,-0.9335899916730186,-0.7836909119537271
12970,-0.6149032929586986,-0.5127113843846457
12971,-0.7286553345909415,-0.6545678644578088
12972,-0.8707067577206359,-0.7740235047929591
12973,-0.9602714348584414,-0.8451467156257476
12974,-1.1994150708206988,-1.127933016512971
12975,-1.9107840939571985,-1.7566976397887004
12976,-1.5407406731655724,-1.3646249250444242
12977,-0.9341097332182384,-0.8513868622626599
12978,-2.343077298366662,-2.075196425017883
12979,-0.6321202039718627,-0.5798407636804683
12980,-0.7236303386762161,-0.6449336006078
12981,-0.6206265346024388,-0.6266948659840847
12982,-1.7795336218767388,-1.667941379888299
12983,-0.506753810969266,-0.4568995466679681
12984,-0.5761854632695516,-0.52468480188262
12985,-1.1159426611523295,-1.0000960243773338
12986,-3.593891365187509,-3.1174397661453352
12987,-1.0342948138713837,-0.8949336341872838
12988,-1.0169281257215397,-0.8883742130966202
12989,-1.0181458083861463,-0.9480713357314262
12990,-2.256896443988966,-2.1269710578158874
12991,-1.7225112395901834,-1.4689310064005077
12992,-0.7163537263870239,-0.7089605772478883
12993,-0.5329602722107895,-0.44746600601390446
12994,-0.8770669005637945,-0.8946427455729631
12995,-0.8918506633490324,-0.7052656292698455
12996,-1.1208335096521895,-1.0477134373541224
12997,-0.5529857005259787,-0.4945234542092969
12998,-0.9023694386705756,-0.7595768014648057
12999,-1.035260845524396,-0.9255926593331643
13000,-0.7643579152203346,-0.7956010986327651
13001,-0.9175933075362238,-0.9284572970324333
13002,-1.034398359845775,-1.043185775299927
13003,-1.0569823795510818,-1.078471767392007
13004,-0.9782480759214062,-0.9931031493520373
13005,-0.8130160551662593,-0.8567436211822536
13006,-0.586961588194204,-0.6172278535626925
13007,-0.956149795258692,-0.9734905438329834
13008,-1.2164146521294763,-1.196919214194182
13009,-1.0636432420375734,-1.1045866915424878
13010,-1.158854841261871,-1.1502152719158492
13011,-1.7051626718961277,-1.644332606102582
13012,-1.959535794598716,-1.9492491999084036
13013,-1.273668252053808,-1.2469616423197933
13014,-0.6340182280355646,-0.663017456551054
13015,-1.0656552910804749,-1.0974142003935319
13016,-0.9889602180599242,-0.9872575527675719
13017,-1.016587912574295,-1.0227917732195886
13018,-0.8870283411454785,-0.8754993180062801
13019,-1.059056915978129,-1.0089792356146723
13020,-0.8201842640721521,-0.8662659927056315
13021,-0.7934720035671263,-0.8108661692395974
13022,-0.8854477839876514,-0.9072897546372332
13023,-1.19804072102835,-1.18677531312653
13024,-0.8620442678762037,-0.8399167410659134
13025,-0.3972188040741488,-0.40800285511052237
13026,-0.8670231889384662,-0.8046785571002758
13027,-1.086897192075271,-1.0871873138012176
13028,-0.9126796666965928,-0.8886509982573807
13029,-1.040841126626776,-1.0384807837975951
13030,-1.187482193458912,-1.2184619522025242
13031,-1.1135464287543482,-1.0941254059030938
13032,-1.3184717939805617,-1.3428377960347604
13033,-0.7940144954725753,-0.8296135857589475
13034,-0.9035353420316712,-0.9171417755673713
13035,-0.8714389144912247,-0.9138839932469736
13036,-0.8138786733150483,-0.8450990493263683
13037,-1.0724095152330029,-1.103311647591058
13038,-0.7880474005558694,-0.8120503380080992
13039,-0.917292453521906,-0.9024383259880779
13040,-0.6405794537984408,-0.6493410576484265
13041,-0.8477532669555309,-0.8204823996366862
13042,-1.016498047252034,-1.0587290732121832
13043,-1.2262483308481615,-1.2346400091224063
13044,-0.8818009906961012,-0.9922934805318369
13045,-0.828658708306246,-0.8365688102779205
13046,-0.812728157193642,-0.8376126347307497
13047,-1.141429913136386,-1.1952623882277285
13048,-0.9027604918147244,-0.876278967491967
13049,-0.8942452142404955,-0.9370309579279704
13050,-0.933816105820412,-0.9207483882314961
13051,-1.153616979140644,-1.1897899656671909
13052,-1.0288679886233898,-1.0562579357780064
13053,-1.3121224346086962,-1.2950131807427205
13054,-0.8499402870503507,-0.9671604244153261
13055,-0.6542905467425206,-0.6489888565952857
13056,-0.9785957382630932,-0.9876813581437103
13057,-0.9569203659545544,-0.9106776398084286
13058,-1.098519471264625,-1.1654067260272343
13059,-0.901191698488339,-0.9690915335524195
13060,-1.2553199086078377,-1.2546410876646121
13061,-0.9793325755023216,-1.0310512283740016
13062,-0.9090187993160512,-0.9173167953386934
13063,-1.451361569323281,-1.4757450617313714
13064,-1.039611686193026,-1.007227811269663
13065,-0.5078251047651897,-0.5107661450931993
13066,-1.132621728172598,-1.1079873074321034
13067,-0.7513525227243586,-0.7484427680582617
13068,-0.8898232851841653,-0.8733788765768843
13069,-0.7588715285293816,-0.7718427836214817
13070,-1.023721920427426,-1.072452686061258
13071,-1.0836892386739567,-1.1291608791525969
13072,-0.9666874944701676,-0.9926049865071646
13073,-0.8419369181921316,-0.8499527418047798
13074,-1.0582639052886371,-1.1236267496348773
13075,-0.7918889301013102,-0.8293638507962671
13076,-1.3469529382942258,-1.363024063783197
13077,-0.9168049531389576,-0.9578859203035522
13078,-0.92199412334797,-1.058388372378475
13079,-1.0828603172706346,-1.0674598972209473
13080,-0.8946194621019585,-0.851624404296367
13081,-0.8320346738016883,-0.8508877090514622
13082,-0.9468082411344662,-1.0619979269848072
13083,-1.2767156695210655,-1.2643530652332418
13084,-0.6699591110337455,-0.6853784167568497
13085,-0.9604666325473046,-0.9726485272494371
13086,-0.7722687028175177,-0.7526794598484218
13087,-0.799964194149934,-0.7908470988641823
13088,-0.9815050086309745,-0.9362794030211867
13089,-0.7859327146249224,-0.7895606272298222
13090,-1.0316858171492584,-1.0232315034472117
13091,-1.0260048938352009,-1.0907268498565006
13092,-0.8526461734328159,-0.8393476116774113
13093,-0.6227175986119943,-0.6459006910367184
13094,-0.6162938966026789,-0.6360320262010518
13095,-0.7422806976377502,-0.740655151800365
13096,-0.6775120940319327,-0.6488832065599154
13097,-0.608486110849898,-0.6522435184552265
13098,-1.014962212983952,-1.0473462280528552
13099,-0.9671496115913688,-0.9921529291848528
13100,-2.582179910996381,-2.5881885454673106
13101,-1.3716566830642465,-1.2924991342057341
13102,-1.0854061989821204,-1.120130426987186
13103,-1.5001737541622586,-1.5232978142857783
13104,-1.411545753479004,-1.2117917480917255
13105,-0.7988818366398183,-0.8053126053031227
13106,-1.2080091870560938,-1.216861267144763
13107,-1.0051948904067047,-1.0096244531064116
13108,-0.6835781908774561,-0.664675929479758
13109,-0.7329074188514992,-0.6342973017632735
13110,-0.8732425190153577,-0.8673010046091725
13111,-1.1636253714561462,-1.050584324251024
13112,-1.959535794598716,-1.9492730375027554
13113,-0.9411299644514572,-0.9064561299632483
13114,-0.8626625761389732,-0.8426848681322848
13115,-1.4946397675408258,-1.470400893541185
13116,-0.9831926842530568,-0.9625895720141182
13117,-1.266217499740364,-1.2511537026449335
13118,-1.2394602627589786,-1.2513800512043165
13119,-2.481798816810955,-2.397712157320258
13120,-1.393740177154541,-1.3440106027581185
13121,-0.7401294985482859,-0.6892954941718586
13122,-0.9635192969950234,-0.9471270835569015
13123,-1.0907631474871968,-1.1117607807763332
13124,-1.1678132863007775,-1.2047098999970847
13125,-0.4720219170400339,-0.48435854018450963
13126,-0.684045625287433,-0.6890980719855774
13127,-2.2481529401696245,-2.2440800165794976
13128,-1.873549461364746,-1.853885368199847
13129,-1.3482929159093786,-1.291483650659957
13130,-0.8181330375373363,-0.7998398249961916
13131,-1.5911302743134674,-1.385152266315724
13132,-1.1981057617813349,-1.2178564884653518
13133,-0.6591784004122019,-0.6269672935904785
13134,-1.1308693996695585,-1.0858924874582685
13135,-0.80670198451641,-0.7704953782578433
13136,-0.9349772157994184,-0.9781062680561556
13137,-1.1855808210003285,-1.2581760110201838
13138,-0.7249432295326173,-0.7274216034825467
13139,-1.4961145774338596,-1.4969618099961322
13140,-0.6411542287239662,-0.6498908421717502
13141,-0.6608881275783214,-0.6041071290839263
13142,-1.320289697757987,-1.3051131673285725
13143,-1.377282172210457,-1.3973002250653355
13144,-1.3233043365180492,-1.3211544220729579
13145,-0.9053145106881856,-0.8650908088630949
13146,-1.168742559958195,-1.118392559051732
13147,-0.8121629315753316,-0.7389252714859382
13148,-1.0572413674422674,-1.041609083109575
13149,-0.4312902404301202,-0.4214093687658376
13150,-0.8879204140976071,-0.8388229506505407
13151,-1.4810425819352615,-1.5745952840164932
13152,-1.00106569316036,-0.965088814965707
13153,-0.826234964437263,-0.7998307190805124
13154,-1.0600688494741917,-1.0704677923880344
13155,-0.6540507248469761,-0.6499539929591298
13156,-1.1179383549579354,-1.0847714668482997
13157,-1.093144555424535,-1.0105329034100625
13158,-1.10127336345613,-1.1077133368181165
13159,-0.7951762835184734,-0.7944665024239747
13160,-1.159187955449718,-1.1723027147048954
13161,-1.088863649405539,-1.1137555042467495
13162,-1.186817781627178,-1.1946331126393355
13163,-0.9887656085193156,-1.0110788474495853
13164,-0.9517877725454476,-0.916523751972804
13165,-0.4870537244356595,-0.4481158797204429
13166,-0.7385717103647631,-0.7384307427488808
13167,-1.100914950518645,-1.0303091168800347
13168,-0.7500470821247545,-0.7583797876988831
13169,-0.8783328939777936,-0.8594714337165666
13170,-0.5888138025526016,-0.5925014186235347
13171,-0.677329092062721,-0.7276986091891394
13172,-0.8335184734694812,-0.8359596874434083
13173,-0.9213162837550044,-0.918108903648126
13174,-1.1923452731782356,-1.1663833473938763
13175,-1.909376621246338,-1.871796990060286
13176,-1.4618841623005114,-1.4693382726756348
13177,-0.8679498717898414,-0.8299479393691928
13178,-2.2674634059270224,-2.2788333999363437
13179,-0.6298578305677934,-0.6089831623890886
13180,-0.6929158517556597,-0.6861958071670146
13181,-0.6204655530840851,-0.6145935640182019
13182,-1.7123446020969124,-1.6991401255708782
13183,-0.4698060837658969,-0.46788950407618923
13184,-0.5541903638839721,-0.5251301888598225
13185,-1.098126259885093,-1.044536983322305
13186,-3.165815273920695,-3.2961830939841024
13187,-1.0464719515293837,-0.9762865884033423
13188,-0.9561520593110904,-0.9105548923332475
13189,-0.981276950704942,-0.9855442407293704
13190,-2.1440057702686475,-2.3202958666163056
13191,-1.6319149098088663,-1.59603469634177
13192,-0.6944827139377594,-0.6935263612908449
13193,-0.5341561826195304,-0.5045690511224308
13194,-0.8923034390737844,-0.9107526478646625
13195,-0.8437176831066608,-0.7602052334077309
13196,-1.1302110400310783,-1.0863329508483652
13197,-0.5114923808001732,-0.49323122101736944
13198,-0.860687805339694,-0.8010192302611506
13199,-0.930088439653086,-0.960968227024365
13200,-0.7725686740505603,-0.7949287552215845
13201,-0.8946481213487428,-0.9227314129673837
13202,-1.047536760337593,-1.0391827413788608
13203,-1.0107411312502483,-1.074262543845711
13204,-0.9655573109323664,-0.9915357143864512
13205,-0.8002164419307265,-0.8523716394295108
13206,-0.5904360048530638,-0.6142262933526815
13207,-0.90145355786464,-0.9669021965029775
13208,-1.2141261784605275,-1.1888679282298849
13209,-1.095017062601193,-1.104342187766417
13210,-1.19078879578169,-1.1454999386890736
13211,-1.720232089797219,-1.642435826289193
13212,-1.990753744329725,-1.944373721010317
13213,-1.261133810535806,-1.2404979005845747
13214,-0.614953361740408,-0.6563410079068
13215,-1.0727867241948843,-1.0969172098646347
13216,-0.9926890837129696,-0.9842579748425816
13217,-0.9841365268988204,-1.017411122153161
13218,-0.8755094690840374,-0.8702042887897611
13219,-1.0526211270990298,-1.0040701959969203
13220,-0.8098438100297322,-0.8604522905129165
13221,-0.8179621068082115,-0.8035625640505852
13222,-0.85205433719842,-0.9033301960934953
13223,-1.2147518322449322,-1.1830752922129293
13224,-0.8624780205793159,-0.8261904644800464
13225,-0.3945566273143149,-0.4092886468396231
13226,-0.8370260730270267,-0.7939450962434792
13227,-1.0938383959984594,-1.0838990251525278
13228,-0.9276609494704608,-0.8843124261237446
13229,-1.0041234946066095,-1.030513921087999
13230,-1.1644413434257803,-1.2135325202571228
13231,-1.090068874433059,-1.0872467781567337
13232,-1.3065309986587643,-1.3368823980527114
13233,-0.7966626993445463,-0.8248759959416839
13234,-0.9060000800347144,-0.9107822527073111
13235,-0.8749149363170299,-0.9072621973164694
13236,-0.7997275769710541,-0.8410932571765433
13237,-1.0239009986552157,-1.1005770585206005
13238,-0.791644342185915,-0.8100299604111639
13239,-0.9585010099780652,-0.8973514870548959
13240,-0.6343529471984276,-0.6493395110868703
13241,-0.8305443146432093,-0.8106596907032405
13242,-1.00162952999736,-1.0493493820589914
13243,-1.219557630923367,-1.2252630407269407
13244,-0.8634639276090519,-0.9879242337309597
13245,-0.8167172125143598,-0.8322204540204398
13246,-0.8076352735204021,-0.8292059755805804
13247,-1.1555151089217313,-1.1883986883939175
13248,-0.9011773370033088,-0.8700366985149965
13249,-0.8910646438598633,-0.9364208125004491
13250,-0.9345435661862987,-0.9118136186596862
13251,-1.141822712365971,-1.1858510887790739
13252,-1.042211227638777,-1.0538644513087154
13253,-1.2943598651146704,-1.2905561841489308
13254,-0.864724593569142,-0.9614241036726597
13255,-0.6612401849539705,-0.6453270711257569
13256,-0.9815148595691652,-0.98058872945117
13257,-0.911214784134266,-0.9018779492189394
13258,-1.1011729425238084,-1.160886472579104
13259,-0.9175990561182183,-0.9649390630956172
13260,-1.2493718788605328,-1.2504970246317706
13261,-0.990165301995684,-1.025866165304527
13262,-0.9134559261706447,-0.9159222965492
13263,-1.4235543206680652,-1.4716495920217396
13264,-1.0199909861271197,-0.9998889237541657
13265,-0.5151210709135662,-0.5068120978191648
13266,-1.1252256206763809,-1.1036339719081671
13267,-0.722106513126876,-0.742060625665514
13268,-0.9120219687158748,-0.866757689430834
13269,-0.7140874114147452,-0.7642709691890015
13270,-1.0367008974385816,-1.0728709605944144
13271,-1.0890580277110256,-1.1219726805798014
13272,-0.9982421924901564,-0.9883716134063925
13273,-0.8286486004674157,-0.8436157598661095
13274,-1.0490968772607256,-1.1190623224371474
13275,-0.809297013071786,-0.8255801911257356
13276,-1.348492602969325,-1.3582967124289684
13277,-0.9181517270184304,-0.954770266686431
13278,-0.9374746305997982,-1.0540354235469973
13279,-1.0853852468021843,-1.0654561190107927
13280,-0.9077555375505788,-0.8446363011295321
13281,-0.8325033280276513,-0.8473718627584953
13282,-0.9631927170494732,-1.0598036675323337
13283,-1.2867378781932268,-1.2615623949075614
13284,-0.6740615739012664,-0.6853552086932346
13285,-0.966149598129036,-0.9657159476469189
13286,-0.7487654020619947,-0.7453997819658227
13287,-0.8051544113676677,-0.7866937008322352
13288,-0.9793825602346612,-0.9334649308961886
13289,-0.7904098690018173,-0.7854407543581651
13290,-1.0245707829793294,-1.0205917536132243
13291,-1.0308734252471332,-1.0854460202317016
13292,-0.8844849083774774,-0.8371402344444876
13293,-0.6168270831884339,-0.6399288247832698
13294,-0.6255948241752914,-0.6375597209978479
13295,-0.7488673796025358,-0.7325057756188056
13296,-0.6417729494183563,-0.637271993091709
13297,-0.6360705952311672,-0.6445155257362615
13298,-1.0056165225746097,-1.0430615901373956
13299,-0.9735197429509126,-0.9884606429430823
13300,-2.588701661895304,-2.606653606129033
13301,-1.3582496633825376,-1.3006895879122675
13302,-1.094338206357734,-1.1264018597921948
13303,-1.525699994299147,-1.5337793874001193
13304,-1.408622955453807,-1.2141971620841483
13305,-0.7892115957053133,-0.8077275164310469
13306,-1.249713515748783,-1.2209375012506927
13307,-1.0031095539876658,-1.0117751868361706
13308,-0.6806738607643187,-0.6660801370127961
13309,-0.7633623385135039,-0.6377544297085294
13310,-0.881379238764445,-0.8698563133585565
13311,-1.1967198689778646,-1.0571680695769692
13312,-1.9907371316637312,-1.94437371591016
13313,-0.9441569350486578,-0.9135539112165879
13314,-0.8723592488095164,-0.8497480938071805
13315,-1.465268419848548,-1.471312892452709
13316,-0.9924037843942642,-0.9671450036237424
13317,-1.2742553413376327,-1.254133766752477
13318,-1.266603965868895,-1.2591159101091431
13319,-2.4285653992132707,-2.4196106966334803
13320,-1.358257545874669,-1.3502173637643924
13321,-0.7351683590763299,-0.692043986380839
13322,-0.9562635959648504,-0.9562515567790825
13323,-1.0915777110314184,-1.1177930004284429
13324,-1.1384590716325036,-1.2205937738681054
13325,-0.469971080159032,-0.4857159267296003
13326,-0.6860995070878849,-0.6923426917096058
13327,-2.271731065667194,-2.2639662173152795
13328,-1.929693176632836,-1.8571526258075368
13329,-1.269665413432651,-1.296642279504836
13330,-0.8430534303188324,-0.8061375016362067
13331,-1.5387249964254874,-1.3823061322390549
13332,-1.2052815407514572,-1.2226869344790485
13333,-0.671566036529839,-0.6292179305940969
13334,-1.1495940500451614,-1.091099111020607
13335,-0.8396358379097872,-0.7701043602352815
13336,-0.9591093198819594,-0.9836737648146462
13337,-1.175862991532614,-1.265774075514965
13338,-0.7375829820557842,-0.7322462480937834
13339,-1.4876960580663163,-1.501847793330437
13340,-0.6312007995752188,-0.6499459520043543
13341,-0.6389194366543792,-0.6077876296703176
13342,-1.327752480211184,-1.3169777555886784
13343,-1.3834141797797626,-1.4012891766379134
13344,-1.3425141209736466,-1.3310795130181197
13345,-0.8956838697195053,-0.8669522516711916
13346,-1.1915575836015784,-1.124948825551626
13347,-0.8577407071756762,-0.7447583931829971
13348,-1.0595867378371102,-1.036321669747161
13349,-0.4390773595269047,-0.4225722002234317
13350,-0.9121245900169016,-0.8447193106628699
13351,-1.4847696437392124,-1.5804889830619715
13352,-0.9929320599681648,-0.9698395252664344
13353,-0.8263714276542959,-0.8057599426688797
13354,-1.0874896654859183,-1.0726115526568047
13355,-0.6658474452911861,-0.6509099579951855
13356,-1.1274247539135838,-1.0886240295825582
13357,-1.077575642009114,-1.0131557305063676
13358,-1.1213641641661525,-1.1146124841842266
13359,-0.7986804952224096,-0.7942914829640828
13360,-1.1402537360671878,-1.17539841788777
13361,-1.0750917755067348,-1.1195086660809024
13362,-1.184481781721115,-1.2016162309718446
13363,-1.0117135094478726,-1.0161480457924108
13364,-0.9305500938342168,-0.9200031612578832
13365,-0.5058553799604758,-0.4504694196258923
13366,-0.7646882145903832,-0.7400060960397309
13367,-1.1070263810860097,-1.0339375666830872
13368,-0.7606487135554469,-0.7600028481422906
13369,-0.883910619935324,-0.8663216408397858
13370,-0.5974535913694472,-0.5976310138672818
13371,-0.6695961906004322,-0.7345851149181098
13372,-0.8620830178260803,-0.838208298885248
13373,-0.916067804209888,-0.9232105986492501
13374,-1.2043856319073027,-1.168277313299323
13375,-1.930562853813172,-1.8795605082335127
13376,-1.4567765474319458,-1.4786590621512914
13377,-0.9016921633765812,-0.8311277975418682
13378,-2.2755907123739068,-2.300472624349165
13379,-0.6449176333167336,-0.6107510120230977
13380,-0.7068174763243328,-0.6870962348935137
13381,-0.6382858660794044,-0.6138312283375935
13382,-1.7226979991262272,-1.7066636212535287
13383,-0.4737826564095237,-0.46958321059879765
13384,-0.555938769976298,-0.5265099745882175
13385,-1.0735919124396271,-1.0445313871872626
13386,-3.197328612917945,-3.324324788590875
13387,-1.03807511087507,-0.9799414980969248
13388,-0.9588115122891212,-0.9131521708761716
13389,-0.982790845249771,-0.9887470511183437
13390,-2.110203882922297,-2.3437964201912265
13391,-1.6192022927345768,-1.6096673566553943
13392,-0.7013849079608917,-0.6950663581571153
13393,-0.5282828000586802,-0.5088102234525416
13394,-0.8806305375210074,-0.9112240286041937
13395,-0.8598564732819796,-0.7664070281746853
13396,-1.1030736348425696,-1.088135861991288
13397,-0.529030676960021,-0.4955194311470738
13398,-0.8870524717494845,-0.803222310212552
13399,-0.9353590168694194,-0.9653360274455935
13400,-0.7536679145901702,-0.794928748883937
13401,-0.9121300167050856,-0.9227314632377424
13402,-1.0456738906313283,-1.0391827668038935
13403,-1.039035755534505,-1.0742626214175877
13404,-0.9889502894970796,-0.9915357972026556
13405,-0.7951943883600161,-0.8523716697931765
13406,-0.5849364820376847,-0.6142263546592952
13407,-0.8688889917477157,-0.9669022038839231
13408,-1.2075547331063323,-1.1888679298342408
13409,-1.0788162188936574,-1.10434227615968
13410,-1.164383476094682,-1.1455000109553086
13411,-1.7094098735641647,-1.6424357919198138
13412,-1.989891963345664,-1.944373985910288
13413,-1.249076096737971,-1.2404979813387496
13414,-0.616158128708832,-0.656341031898738
13415,-1.07675685826689,-1.0969172259154094
13416,-0.977284965589065,-0.984258011445985
13417,-0.987018247907476,-1.0174111444043759
13418,-0.8749045743498691,-0.8702043480041296
13419,-1.039472448733426,-1.0040701932857887
13420,-0.8032390202662741,-0.8604524334616456
13421,-0.7886375373648119,-0.8035626260560554
13422,-0.8828441070955854,-0.903330280805031
13423,-1.186494795851005,-1.1830752976906989
13424,-0.8505067122999088,-0.8261904944003129
13425,-0.3732262014323829,-0.40928867718785333
13426,-0.8125756803409073,-0.7939450542046522
13427,-1.0956308065458786,-1.083899056649828
13428,-0.9259035642756972,-0.8843125011047298
13429,-1.049104372660319,-1.0305140818031309
13430,-1.171558277551518,-1.2135325554130059
13431,-1.0635754332061886,-1.0872468440154819
13432,-1.329626893812372,-1.3368824247606934
13433,-0.7815714483113252,-0.8248760431871022
13434,-0.9144452385200088,-0.9107823000541514
13435,-0.8733634274135265,-0.9072622120925451
13436,-0.804768909017245,-0.8410933482885021
13437,-1.050191318341928,-1.100577099091755
13438,-0.7890359126320181,-0.8100299594879438
13439,-0.9285631817440654,-0.8973514188734215
13440,-0.6360306602257949,-0.6493395402311412
13441,-0.8354882787364398,-0.8106597801501754
13442,-1.001755350319914,-1.049349331421715
13443,-1.2221976712692617,-1.2252630253422758
13444,-0.8719282981961273,-0.9879242586806389
13445,-0.8396612655284793,-0.8322205339397971
13446,-0.8154525916407428,-0.8292060629940589
13447,-1.1412265587222667,-1.1883986767029873
13448,-0.879308167354081,-0.8700367426112238
13449,-0.9024718103482742,-0.9364209066258793
13450,-0.9423985545949418,-0.9118136313897186
13451,-1.1250009647635526,-1.185851173678815
13452,-1.0178073302719943,-1.0538644732411604
13453,-1.2836883114289868,-1.2905561413306743
13454,-0.8448252816532933,-0.9614240345258694
13455,-0.6502680695334146,-0.6453271165707044
13456,-0.9660989166230194,-0.9805887237876878
13457,-0.9081772251646648,-0.9018779423037337
13458,-1.1088001460067989,-1.1608865841204645
13459,-0.9110184584477152,-0.9649390922890736
13460,-1.242589278738628,-1.2504970306546808
13461,-1.007392549699591,-1.0258662159350427
13462,-0.9053725133570588,-0.9159222866939422
13463,-1.4286317344783812,-1.4716496323968902
13464,-1.0302957323881297,-0.9998888727136422
13465,-0.5084712024807005,-0.5068121837168631
13466,-1.1270318585772847,-1.1036340550030335
13467,-0.7226820555768272,-0.7420606366537378
13468,-0.88674361391585,-0.8667576970868243
13469,-0.7215888879095861,-0.7642710675336721
13470,-1.0282180429429046,-1.0728709987772742
13471,-1.109804160835207,-1.1219726706851088
13472,-0.9876636774965036,-0.9883716415323525
13473,-0.819879925528238,-0.8436158135272279
13474,-1.04978677930758,-1.1190623447474155
13475,-0.8092061492194117,-0.8255801951171684
13476,-1.3469967611076297,-1.358296773320099
13477,-0.9233082117036332,-0.9547703682069432
13478,-0.975020025127618,-1.0540353751983909
13479,-1.073281998351469,-1.0654561437063341
13480,-0.9023334259210632,-0.8446363009797646
13481,-0.8236016044320986,-0.8473719124051049
13482,-0.9955073567323908,-1.0598037095393846
13483,-1.2734936392584513,-1.261562359859467
13484,-0.6676963477764489,-0.6853552606707541
13485,-0.9652949654778769,-0.965715939049198
13486,-0.7302692001180131,-0.7453998283021738
13487,-0.7600848305132962,-0.7866936583295361
13488,-0.9961061412973922,-0.9334649403156208
13489,-0.7691708664561427,-0.7854407545615159
13490,-1.022753827331602,-1.0205916972035407
13491,-1.0197189445643462,-1.0854459997667103
13492,-0.87378285282342,-0.8371401893728406
13493,-0.5986788559329602,-0.6399288495269222
13494,-0.6531374801563311,-0.6375597154318449
13495,-0.7151121372400329,-0.7325057232292225
13496,-0.6249716891798862,-0.6372719276439963
13497,-0.6360355523205543,-0.6445154913151456
13498,-1.0164007844851,-1.043061629398202
13499,-0.9528396693310996,-0.9884606559449992
13500,-2.5743683576583862,-2.606653628142841
13501,-1.2978482264880986,-1.300689348820447
13502,-1.0914261017658913,-1.1264018062095265
13503,-1.4663499090406629,-1.5337791166537622
13504,-1.3919060970174857,-1.2141974500092778
13505,-0.775040633918703,-0.8077275393430102
13506,-1.1776957925485103,-1.220937485380118
13507,-0.947874898134276,-1.0117750577900952
13508,-0.7012934121050576,-0.6660800946253241
13509,-0.703944663942596,-0.637754384612228
13510,-0.8458692437126523,-0.8698563478959472
13511,-1.100192908445994,-1.0571681502590164
13512,-1.9880745155470712,-1.9443739856689888
13513,-0.904540265253348,-0.9135538117774403
13514,-0.8244230281561613,-0.8497480516081478
13515,-1.4162360164854262,-1.47131298820311
13516,-0.962633768717448,-0.9671449655070262
13517,-1.243729829788208,-1.2541336540114008
13518,-1.1864887736309533,-1.2591159125016393
13519,-2.2256338487971914,-2.419610311805127
13520,-1.348944521867312,-1.3502171958305849
13521,-0.7005685937497043,-0.6920437992712015
13522,-0.9115990371238896,-0.9562514077916272
13523,-1.0658424806225208,-1.1177928707942286
13524,-1.0837655529495358,-1.220593747485729
13525,-0.4482942366784857,-0.4857159477786604
13526,-0.6525115708048029,-0.692342594535182
13527,-2.0965464840764585,-2.263965988779044
13528,-1.8092331034796576,-1.857152571820141
13529,-1.2279726774604232,-1.296642285396079
13530,-0.8190860962495208,-0.8061373973404027
13531,-1.375005112753974,-1.3823062769546022
13532,-1.1976136537268758,-1.2226868178147765
13533,-0.6653898870572448,-0.6292179045731522
13534,-1.0750683887984402,-1.0910989719602298
13535,-0.7948033153548721,-0.7701042522970947
13536,-0.9383801980452104,-0.9836737788086315
13537,-1.1366663422695429,-1.2657740681837721
13538,-0.7093629292615755,-0.7322462223909788
13539,-1.463235241498134,-1.5018477617673973
13540,-0.6320717582335839,-0.6499459819657902
13541,-0.6074299978655439,-0.6077875329435338
13542,-1.307405436685843,-1.3169776773348936
13543,-1.3351152830345685,-1.4012891270507997
13544,-1.2901008734479549,-1.3310792821746402
13545,-0.8570287814363837,-0.8669522048889993
13546,-1.127586463223333,-1.1249486683693475
13547,-0.7336329323376796,-0.7447582276567745
13548,-1.0490451284817286,-1.0363219028037731
13549,-0.4271785536808754,-0.4225721447040737
13550,-0.8854210674762726,-0.8447192769683312
13551,-1.5013053934703502,-1.5804889289643587
13552,-0.9347104591916698,-0.9698394215586801
13553,-0.8051568168078282,-0.805759831295069
13554,-1.0663759736344218,-1.0726115027993268
13555,-0.6341282053599282,-0.6509100464173656
13556,-1.1148201735444772,-1.0886239850819168
13557,-1.0346427601437236,-1.0131556589875028
13558,-1.0822918126359582,-1.1146122842523785
13559,-0.7845363060633341,-0.7942915165106098
13560,-1.1126134987025298,-1.1753983320489425
13561,-1.0473275193944571,-1.1195085538336766
13562,-1.1298735350370408,-1.2016161700807901
13563,-0.974512898363173,-1.0161479797214092
13564,-0.8846102384420541,-0.9200028168221388
13565,-0.470178940357306,-0.4504694337550767
13566,-0.7357142775557762,-0.7400060706390328
13567,-1.0835013371105342,-1.0339375030120728
13568,-0.7848652665929277,-0.7600027948792539
13569,-0.8910873536915742,-0.8663214635060972
13570,-0.566612686429705,-0.5976309578285293
13571,-0.6313798048699549,-0.7345850349229843
13572,-0.7829551052074043,-0.8382082247629022
13573,-0.9011774752289056,-0.9232105821655568
13574,-1.1745242270748173,-1.168277264363497
13575,-1.8223379473937185,-1.879560312052673
13576,-1.4179543520274915,-1.4786591157111109
13577,-0.8469355068509541,-0.8311277197852728
13578,-2.228997508684794,-2.3004721840399163
13579,-0.6209038062529131,-0.6107510347993168
13580,-0.6720677660417187,-0.6870960614278359
13581,-0.6156685296879258,-0.6138312983133803
13582,-1.682882776556089,-1.7066633923094163
13583,-0.474793791770935,-0.46958319934410575
13584,-0.5459565226236979,-0.5265100266675825
13585,-1.059414140013761,-1.0445311725364939
13586,-3.006140056110564,-3.3243243063359404
13587,-1.0151545032858849,-0.9799413982667465
13588,-0.9276116208512654,-0.9131520539146678
13589,-0.9197731783630652,-0.9887470012658555
13590,-2.010157797647559,-2.3437962492575344
13591,-1.598365004985563,-1.60966722711691
13592,-0.7152378767728805,-0.6950663964479847
13593,-0.4945474712867436,-0.5088101479358632
13594,-0.8680432480435039,-0.9112240437078943
13595,-0.8639785461127758,-0.7664069542452498
13596,-1.0882402140964833,-1.0881358378367096
13597,-0.511777539585912,-0.4955193710668776
13598,-0.8490348365157843,-0.8032222817884158
13599,-0.9189033138659574,-0.9653359112573938
13600,-0.7636459576067074,-0.8154834062638253
13601,-0.9447798811156174,-1.0002717351449082
13602,-1.0553761508113657,-1.091678274861939
13603,-1.0474293490712956,-1.1182898879250573
13604,-0.9271857507469118,-1.0073777589182118
13605,-0.849720975225286,-0.893833192246803
13606,-0.6059488095054331,-0.6478479665822043
13607,-0.9343447528144184,-0.9771638622309814
13608,-1.210091194441152,-1.2683697547540669
13609,-1.1004901699317515,-1.1183056127184063
13610,-1.0420898393143054,-1.1544724708260752
13611,-0.969586981521858,-1.4314163426145112
13612,-1.9228071655545915,-2.1108193180032853
13613,-1.309635832661488,-1.3155286059090416
13614,-0.6172257476998854,-0.7173091988259881
13615,-1.0599963683634996,-1.1047866745185762
13616,-0.99889337092407,-1.024597099560813
13617,-0.9921823453533556,-1.042584680007378
13618,-0.8964708368907603,-0.9242759798881293
13619,-1.029906148134276,-1.0564368146517464
13620,-0.8422051132187363,-0.9132063627068525
13621,-0.765958967134934,-0.8511034048634036
13622,-0.8309227181959522,-0.8806149347582461
13623,-1.0500857210898584,-1.19965510783119
13624,-0.7348678435466086,-0.8631369287841174
13625,-0.3907233741548326,-0.399064485206826
13626,-0.8659272027570147,-0.8514229415802834
13627,-1.0504796976266906,-1.0893301109679667
13628,-0.9007622761319776,-0.9230058953255389
13629,-1.069917312888212,-1.1047687935903991
13630,-1.2160719568415206,-1.2577604944396994
13631,-1.085383523342221,-1.1300981275890793
13632,-1.3523711612982343,-1.3745695600511716
13633,-0.7443362243415773,-0.8219536833880934
13634,-0.9649049810660902,-0.9689354965270107
13635,-0.8794291740240052,-0.9383984028903993
13636,-0.8338942935069402,-0.881570056068854
13637,-1.0936499177947523,-1.1317521912732418
13638,-0.816620525463607,-0.8500686409954561
13639,-0.9196650325789932,-0.9270896195894117
13640,-0.6326031684875488,-0.6588390108122559
13641,-0.8355808747831242,-0.8864879971657876
13642,-0.9994595780853152,-1.0685148766787615
13643,-1.22537880350453,-1.2471559393104548
13644,-0.9012325817300368,-1.0056059144554372
13645,-0.806713112564974,-0.8667242181417739
13646,-0.7240098977652122,-0.8271577979233239
13647,-1.0717499551846998,-1.2289738818105773
13648,-0.8907104906185653,-0.9191935109980618
13649,-0.8381513172341871,-0.9291844136512991
13650,-0.9351972267609234,-0.9641396541153506
13651,-1.0786989677784056,-1.21513211604312
13652,-1.0439408537029295,-1.1040614042657897
13653,-1.33232623846956,-1.3004814668784288
13654,-0.9242321382197298,-1.06452872136148
13655,-0.6318447442017785,-0.6785551812269885
13656,-0.9423095412956652,-1.0138828634558257
13657,-0.8354979272960692,-0.9037874160595278
13658,-1.0140291951423468,-1.1649215044102477
13659,-0.8893868470376776,-1.0118525522372275
13660,-1.1220486034718595,-1.2482662185293583
13661,-0.9660585379415704,-1.0713813111425767
13662,-0.937993751015774,-0.9512436201334115
13663,-1.4259038008460705,-1.4816569011958052
13664,-1.0261188864707946,-1.1060158344538065
13665,-0.508655730143998,-0.5667790292211171
13666,-1.1352569132812262,-1.1506814495910553
13667,-0.8286469370819801,-0.8292287356646618
13668,-0.8489930648212285,-0.8985201701029647
13669,-0.7731415652489477,-0.8422020573687502
13670,-1.053925633430481,-1.0950746960086937
13671,-1.0837548758632454,-1.1521253726198621
13672,-0.9180180693781652,-1.0292530661155148
13673,-0.8368647440459377,-0.8923736408000068
13674,-0.9984445276186448,-1.1243384419343199
13675,-0.7794991320213386,-0.8548668047660466
13676,-1.2400242968123087,-1.3595233040321106
13677,-0.9301002256630004,-0.9797153891194642
13678,-0.9902036310166352,-1.0914633653955366
13679,-0.9601265424388952,-1.0383196384170739
13680,-0.9181350146153175,-0.912558696080642
13681,-0.8333832432133282,-0.8747177131288754
13682,-0.94383158425028,-1.105406154835491
13683,-1.2750433452369632,-1.3185028075403749
13684,-0.6284095330058403,-0.6803713135618681
13685,-0.9726427959841352,-1.0296946070913908
13686,-0.7969339623931766,-0.7994603939663589
13687,-0.8477353116338567,-0.8408604746134385
13688,-1.0033661561418874,-0.9679826942783797
13689,-0.7855044326116872,-0.8217971522659474
13690,-1.035453241000804,-1.0353328703186746
13691,-1.0799568244653155,-1.146066419667427
13692,-0.7701823304789935,-0.8615226087944445
13693,-0.638021519017774,-0.6929278946720536
13694,-0.6193273022205015,-0.6486080282593794
13695,-0.726667837579121,-0.7411884619809562
13696,-0.6900614333707232,-0.6699728997943699
13697,-0.5999214612236319,-0.7041869571995754
13698,-0.9693674486736918,-1.0800195849116223
13699,-1.0256689177003018,-1.0369878072603111
13700,-2.710873961448669,-2.373498973855498
13701,-1.4202362779499025,-1.237655905111695
13702,-1.1221780545951785,-1.0655711164880024
13703,-1.5775252289242214,-1.417020860832234
13704,-1.2887082428767764,-1.2114162233394465
13705,-0.783384968144025,-0.7899989802699405
13706,-1.2202236798344823,-1.1536581267816293
13707,-1.0855790367422178,-0.9932528786821326
13708,-0.6653982299242833,-0.6224525988296046
13709,-0.7408549653159248,-0.5506082493985758
13710,-0.921820947102138,-0.8058098176780083
13711,-1.1010554512341817,-0.9924841194630624
13712,-1.922579790864672,-2.110885234432943
13713,-1.0077383638352386,-0.8759909942363655
13714,-0.830044430680573,-0.7103823004532469
13715,-1.557024084859424,-1.4455950697389008
13716,-0.9678887168566386,-0.9085531032671889
13717,-1.3055836248767467,-1.212746277608494
13718,-1.3458864510744468,-1.1990247463123596
13719,-2.55792093818838,-2.2640765325083736
13720,-1.4691304312302516,-1.2805185285512282
13721,-0.7944276443747587,-0.662086495562159
13722,-1.0916021175500823,-0.9145198681933889
13723,-1.151843135671098,-1.0729640216911096
13724,-1.2990443992984386,-1.084964454975195
13725,-0.4662152362424274,-0.47510946311009844
13726,-0.7055174223212308,-0.6773824870553934
13727,-2.352021258810292,-2.1642813201774107
13728,-1.9045137677873885,-1.76137475124648
13729,-1.3405913357381467,-1.2020416390993576
13730,-0.8826893316581845,-0.7329362947494821
13731,-1.5000390829863373,-1.3286860391291908
13732,-1.2266437988728285,-1.183555045097857
13733,-0.6906603844836354,-0.605901901127009
13734,-1.1542512409446777,-1.0614563853835444
13735,-0.8021755930065184,-0.763367998367032
13736,-0.925828070803122,-0.9339461892904714
13737,-1.2456656398699266,-1.2205558938237933
13738,-0.7552940404321266,-0.6828981781246124
13739,-1.5513316716334618,-1.4311886481431393
13740,-0.6334583218281086,-0.6579882264748662
13741,-0.7464859134467073,-0.5625050307359863
13742,-1.3790346836858942,-1.215230263061852
13743,-1.4271739693575127,-1.3628852846876853
13744,-1.3453406458720565,-1.2066449729179263
13745,-0.9135247943922876,-0.8498458731682875
13746,-1.2130907376607258,-1.0109387862317392
13747,-0.8964441146037375,-0.7034309625435308
13748,-1.0397766019616808,-1.0796728305382093
13749,-0.4252810104569392,-0.4052049390919448
13750,-0.8750576628372073,-0.7627247359205864
13751,-1.57990847816763,-1.579206790355833
13752,-1.0185740724090455,-0.9132072211073421
13753,-0.8724838680075121,-0.7555474262749625
13754,-1.0645176796242597,-1.043746432191443
13755,-0.6179987797661434,-0.6383952033934001
13756,-1.0797683841498322,-0.9786150699332637
13757,-1.1025805196096732,-0.9771193973625711
13758,-1.1359227122738955,-1.0112465718131807
13759,-0.800160410006841,-0.8010034313159715
13760,-1.2372971015383107,-1.1729576141263536
13761,-1.1318811606615782,-1.0760758473361522
13762,-1.2110265910625455,-1.1482878840337254
13763,-1.027609644457698,-0.9553941186617512
13764,-1.0815469219134404,-0.8609870989143407
13765,-0.4730175631678002,-0.42385731319970327
13766,-0.7487137548683226,-0.7202918557145999
13767,-1.1558905488760896,-1.0003470497245917
13768,-0.7752272583717523,-0.7440654813994879
13769,-0.9477246750232784,-0.7810030697596715
13770,-0.5983531503450303,-0.5111923205256717
13771,-0.761579946954121,-0.6518004785275169
13772,-0.9049449271085312,-0.7739352232801412
13773,-0.9518027938902378,-0.8434988772950348
13774,-1.20744822194091,-1.12756465534338
13775,-1.9514909480747424,-1.7542773495601436
13776,-1.5099727869033814,-1.3610020667651206
13777,-0.9250942222655766,-0.8501852276585663
13778,-2.303697835315357,-2.0659400328145034
13779,-0.5981197465549816,-0.57935240314912
13780,-0.7374266737191252,-0.6452508006007918
13781,-0.5974761044332223,-0.6269154335981576
13782,-1.7189196699349456,-1.6638750033446454
13783,-0.4966183185577392,-0.4560689762380169
13784,-0.5538206815719604,-0.5238259708992357
13785,-1.1502766720084256,-1.0010515248668082
13786,-3.511414312181018,-3.1035585062262694
13787,-1.0478723142296076,-0.894376062795943
13788,-0.978154370951098,-0.8872147992923117
13789,-1.0501230539531885,-0.946858371013423
13790,-2.2319392898808355,-2.1163223807808262
13791,-1.6842921837683646,-1.4630740527903152
13792,-0.7101720482110977,-0.7076608628794477
13793,-0.5323915791323804,-0.44602001929065993
13794,-0.9074687042901682,-0.8946911020474283
13795,-0.8129720548167825,-0.7025393910205573
13796,-1.1007687065952507,-1.0474060443769366
13797,-0.5365406219349351,-0.49305577042542714
13798,-0.8691357905045152,-0.7590780539114287
13799,-1.0014199120129723,-0.9236016398890173
13800,-0.7835941739784654,-0.8154862039764325
13801,-0.9156534959530008,-0.9981613212981082
13802,-1.0786195596059165,-1.0901653478106972
13803,-1.00682863893435,-1.1164545018780418
13804,-0.9098715218462684,-1.0066821943120938
13805,-0.8182821782060372,-0.891833416966515
13806,-0.6009919606437979,-0.6465878941487117
13807,-0.8762937442276829,-0.9730073671997883
13808,-1.2341079739637153,-1.2647559352925315
13809,-1.1550010415010674,-1.1184486482019182
13810,-1.0819901052371477,-1.1515332705955712
13811,-1.0444877357273312,-1.4255363342199057
13812,-1.9429695435932703,-2.1112203201145947
13813,-1.3033492291559938,-1.3128726046024006
13814,-0.609608342481214,-0.7142039587590848
13815,-1.0609479108825326,-1.1046284304915175
13816,-1.0065436280050943,-1.0234853736811822
13817,-0.9604049800902374,-1.0395576592521965
13818,-0.9083981689556624,-0.9219384042525971
13819,-1.0465904187786488,-1.0543185932930148
13820,-0.8443754236827525,-0.9104950422103065
13821,-0.786838970443075,-0.8472872288577294
13822,-0.8154701336409694,-0.877484739745378
13823,-1.0892512428668115,-1.1975575712348068
13824,-0.7437701936840087,-0.8548179412585822
13825,-0.3872375029783982,-0.39969572516875457
13826,-0.844744180524072,-0.8455434878855763
13827,-1.0367411180984143,-1.087262348644788
13828,-0.9324329352194024,-0.9209677501671165
13829,-1.0231777309447296,-1.1010962707944894
13830,-1.2114656766255696,-1.255450577882157
13831,-1.0844564631927844,-1.1264619103270592
13832,-1.340179715045663,-1.3714342377976825
13833,-0.7449497123097264,-0.8187393343450916
13834,-0.95037897797518,-0.9659793925010552
13835,-0.8922677881033846,-0.9346765573104545
13836,-0.8129209578037262,-0.8797922345182512
13837,-1.0457187290339507,-1.1306160997145882
13838,-0.8295968715534654,-0.8496014845433828
13839,-0.9605213015578514,-0.9243578842956491
13840,-0.6219851246246925,-0.6590459029128334
13841,-0.8178267257158146,-0.881615818440163
13842,-0.962715519491092,-1.0626970858033733
13843,-1.2213460142298262,-1.2413996551251665
13844,-0.8640898992848951,-1.003087475333889
13845,-0.791562041570974,-0.864587864498542
13846,-0.7182127838059673,-0.8215227359006906
13847,-1.0750614423160405,-1.2252977718432645
13848,-0.9015853996424712,-0.9161184684661363
13849,-0.823218821555145,-0.9286202943032483
13850,-0.9382810287697372,-0.9593435278587933
13851,-1.045473295588826,-1.2131537438627062
13852,-1.0671373947646268,-1.1035684798659606
13853,-1.2968676099481509,-1.2977349078418305
13854,-0.9042493289755296,-1.0629709064980948
13855,-0.6428967908371327,-0.676847460254768
13856,-0.9450377549311912,-1.0098951567683723
13857,-0.83748880282853,-0.8979776203250218
13858,-1.016015470489975,-1.1620039580314554
13859,-0.9003313363984574,-1.010118076241793
13860,-1.110541581183441,-1.2454616863346417
13861,-0.9869993583176488,-1.0689295788434279
13862,-0.9235484128774598,-0.9510894072427643
13863,-1.3977945719578468,-1.4791525444704579
13864,-1.0147329000326304,-1.103458500532193
13865,-0.5312391547269599,-0.5654622075499801
13866,-1.129134741864463,-1.1488163356829366
13867,-0.800722176714461,-0.8268926537555467
13868,-0.8921096232510353,-0.894812436961725
13869,-0.7745898019435794,-0.8388726957324615
13870,-1.0817621502765389,-1.0958388236199041
13871,-1.1118368862211243,-1.1480053558022154
13872,-0.9557655070179192,-1.0273327654045985
13873,-0.8306203978930333,-0.8892268847312307
13874,-0.9867098784261896,-1.121418685377203
13875,-0.7690815862301177,-0.852991770691178
13876,-1.2535770854284598,-1.3564065725676993
13877,-0.9253577197244924,-0.9781895390147038
13878,-0.9663780668909236,-1.0893879608076986
13879,-0.9719559014853784,-1.0363932222197403
13880,-0.9490436888480372,-0.9093984233243032
13881,-0.832157335540121,-0.8729782902082444
13882,-0.9345604338387188,-1.104945148953355
13883,-1.304950522822003,-1.3178933614346011
13884,-0.64560570581904,-0.6802467956160694
13885,-0.996431173280228,-1.0264849376063414
13886,-0.7747708411179772,-0.7958028307101925
13887,-0.8660039809323097,-0.8392841382435829
13888,-1.027656036753987,-0.9668666442575319
13889,-0.7895030818244283,-0.8198532843177305
13890,-1.048711940299633,-1.0339001447225802
13891,-1.091053604155548,-1.1438816214403151
13892,-0.8373351540676383,-0.8605884241629151
13893,-0.6417179329450741,-0.690116761152785
13894,-0.6296847258942037,-0.649865729798628
13895,-0.7635167042414347,-0.7359593591820197
13896,-0.6693022611529328,-0.662967455223702
13897,-0.6327453223309776,-0.7003540819671159
13898,-0.9673028463541076,-1.077979319513643
13899,-1.0237926133843356,-1.035594662401061
13900,-2.7080506436965046,-2.3806746314117353
13901,-1.446705975273783,-1.2417227147701897
13902,-1.134631405505099,-1.0684100388454238
13903,-1.6106069962183631,-1.4214353077147812
13904,-1.314810066387571,-1.2129548997420705
13905,-0.7755259635836579,-0.7912168061496102
13906,-1.2725090299333846,-1.1548961485764506
13907,-1.1063112168349036,-0.9942776590430338
13908,-0.676050954086836,-0.6224314653373545
13909,-0.7887467057616623,-0.5509997448307224
13910,-0.9227241902124316,-0.8061072192556901
13911,-1.1962642312049865,-0.9954463852145412
13912,-1.9424461552074976,-2.1112718245669315
13913,-1.0083625057871028,-0.8798886941669932
13914,-0.8479351187124848,-0.712028808831979
13915,-1.584322323401769,-1.4456386283070275
13916,-0.9773920843998593,-0.9102999275360231
13917,-1.3350175683812575,-1.2138220811526332
13918,-1.363342660597001,-1.2028536654736472
13919,-2.6269984353672373,-2.275234293235647
13920,-1.4178898288653448,-1.2831203450948856
13921,-0.7819748165071473,-0.6632584835510508
13922,-1.0899604035586845,-0.9196740269790276
13923,-1.1490348873212357,-1.0759941118803846
13924,-1.2445749534192936,-1.0925582710841926
13925,-0.4631045733311379,-0.47577994431281756
13926,-0.7163971172746761,-0.6792126417439899
13927,-2.4576844028804614,-2.175323324802231
13928,-2.049812998090472,-1.7614510609126925
13929,-1.2911157696335405,-1.2034014333158585
13930,-0.9073449270799756,-0.7355219098275457
13931,-1.4754844771491156,-1.3256198152011058
13932,-1.2351141488179564,-1.1859106789951543
13933,-0.7047574119642377,-0.6068881921474167
13934,-1.222342212994893,-1.064269862885831
13935,-0.8640018073163291,-0.7629605382096788
13936,-0.9530702395872636,-0.9365600314275195
13937,-1.247193177541097,-1.224618715664999
13938,-0.775055717295549,-0.685026347326885
13939,-1.5502338631208552,-1.4328911594974925
13940,-0.6192143165148222,-0.6582008987049355
13941,-0.7652873161227204,-0.5639613539115834
13942,-1.420760340468828,-1.2208929371637018
13943,-1.4373653341633406,-1.3646972784471447
13944,-1.3811017824336886,-1.210521363192111
13945,-0.909762216731906,-0.8507092730000743
13946,-1.2493798162626184,-1.0128031532440187
13947,-0.9648567604464154,-0.7064052974490178
13948,-1.0416479877063207,-1.0771056734041131
13949,-0.4366811264806719,-0.4055980685763973
13950,-0.9032586449757218,-0.7648510197409538
13951,-1.614822693573412,-1.583097898892067
13952,-1.0197623210359914,-0.915126791865107
13953,-0.901040043941764,-0.758391194171822
13954,-1.104103585705161,-1.0445401968108226
13955,-0.6299654302142915,-0.6387569808798971
13956,-1.1292179490244665,-0.9787691106567524
13957,-1.100832551948784,-0.9780747701720258
13958,-1.1636402755975723,-1.013571920197181
13959,-0.7991267700990041,-0.8010339553830345
13960,-1.2273322658021322,-1.1749627614715727
13961,-1.1431711437180638,-1.078950929063001
13962,-1.23561639636755,-1.1517642695671346
13963,-1.0559103321284056,-0.9574352644260977
13964,-1.0949825424414414,-0.8620091095497684
13965,-0.5013156426258576,-0.42483988928903804
13966,-0.7780089572418568,-0.7209079330442851
13967,-1.1885617518609808,-1.0020246710664493
13968,-0.7819888000340425,-0.7447959492852718
13969,-0.9606533198393592,-0.7836908856374851
13970,-0.6172145728080992,-0.5127114528858516
13971,-0.7706211592799933,-0.654567893688773
13972,-0.9616728668310204,-0.7740237190198974
13973,-0.9536533979699016,-0.84514669340451
13974,-1.2084345574927542,-1.1279329992697447
13975,-2.001538458623384,-1.7566977701397533
13976,-1.520997801579927,-1.3646249543129008
13977,-0.9780509982790264,-0.851386925814824
13978,-2.2939187721772627,-2.0751962752004154
13979,-0.6185830679806796,-0.5798407441656855
13980,-0.7597934663757797,-0.6449336711153706
13981,-0.6180172428604245,-0.6266948789869992
13982,-1.7407526276832404,-1.6679414157985444
13983,-0.5135721054944125,-0.4568994584887329
13984,-0.5514466937383016,-0.5246847500686825
13985,-1.1770372723424158,-1.0000961370384445
13986,-3.6090683937072754,-3.117440050225209
13987,-1.0623115682974458,-0.8949336770772895
13988,-0.9903112409650816,-0.8883742241722297
13989,-1.046731842767208,-0.9480713258162234
13990,-2.202823706295179,-2.126970857925021
13991,-1.6969284761336545,-1.4689308898462001
13992,-0.7240331023931503,-0.708960587442288
13993,-0.5402781672365083,-0.4474659779847211
13994,-0.87579976403436,-0.8946426944310922
13995,-0.8338858913630247,-0.7052655356180811
13996,-1.1164131340130354,-1.0477134634250889
13997,-0.5570401322934054,-0.4945234534201759
13998,-0.9191787540912628,-0.7595768422858781
13999,-1.0133391452390097,-0.9255926630043639
14000,-0.753195603688558,-0.81548619990076
14001,-0.9176592456883398,-0.9981613536264319
14002,-1.0678012343340142,-1.0901653641612605
14003,-1.0249596677085226,-1.1164545517636764
14004,-0.9119285335836484,-1.0066822475702986
14005,-0.8015112544215003,-0.8918334364930598
14006,-0.6002551132394361,-0.6465879335743314
14007,-0.8517791568770889,-0.9730073719463945
14008,-1.2301928414854892,-1.2647559363242755
14009,-1.158477125241775,-1.1184487050466692
14010,-1.0753528859264168,-1.1515333170692048
14011,-1.0324337115654578,-1.42553631211733
14012,-1.940051768507276,-2.1112204904688996
14013,-1.279670689926773,-1.3128726565345366
14014,-0.5991974838020265,-0.7142039741880406
14015,-1.038220353424549,-1.104628440813597
14016,-1.0036507576935052,-1.023485397220435
14017,-0.9590789282968802,-1.0395576735617118
14018,-0.9068884008614592,-0.9219384423327168
14019,-1.051166821819867,-1.0543185915495155
14020,-0.8435527261837509,-0.9104951341390874
14021,-0.7755075933397279,-0.8472872687327764
14022,-0.8344809473022934,-0.87748479422245
14023,-1.0803767257882644,-1.1975575747575011
14024,-0.7382871919824171,-0.8548179604999819
14025,-0.3752261542866372,-0.399695744685373
14026,-0.8317188144654266,-0.8455434608508616
14027,-1.037422735561696,-1.087262368900361
14028,-0.9356187655944233,-0.9209677983865767
14029,-1.0541007601937582,-1.1010963741486515
14030,-1.2101530899373136,-1.2554506004905248
14031,-1.0807176107584044,-1.1264619526801074
14032,-1.344241499900818,-1.3714342549732967
14033,-0.7269799524499464,-0.8187393647281088
14034,-0.9419479591901913,-0.965979422949296
14035,-0.8713860345441241,-0.9346765668127889
14036,-0.8227503965298335,-0.879792293111366
14037,-1.0285314848256666,-1.1306161258054586
14038,-0.8128449223762335,-0.8496014839496699
14039,-0.9154086233109466,-0.9243578404488807
14040,-0.6205279496999887,-0.6590459216551987
14041,-0.8168550997741463,-0.8816158759625189
14042,-0.9412866322569144,-1.0626970532390887
14043,-1.20742952546408,-1.2413996452314549
14044,-0.8426809218502784,-1.0030874913787575
14045,-0.7965213550153629,-0.8645879158938159
14046,-0.7084820467656053,-0.8215227921153526
14047,-1.0806451721708903,-1.2252977643249539
14048,-0.8805522410444511,-0.9161184968239429
14049,-0.8353205919265747,-0.928620354834294
14050,-0.9514677293540896,-0.9593435360453394
14051,-1.0477402080861171,-1.2131537984608112
14052,-1.054408773895382,-1.1035684939704788
14053,-1.311103478882664,-1.2977348803058733
14054,-0.8856440570003302,-1.0629708620305423
14055,-0.6454298219015432,-0.676847489479922
14056,-0.9325449956479924,-1.0098951531262481
14057,-0.8211438757504603,-0.8979776158779279
14058,-1.0239217761875123,-1.1620040297624972
14059,-0.891074677770452,-1.0101180950157889
14060,-1.0996523199155348,-1.24546169020791
14061,-0.9928092633106912,-1.0689296114033644
14062,-0.9218915848768958,-0.9510894009049545
14063,-1.387198342833408,-1.4791525704352804
14064,-1.0264695295920738,-1.1034584677085848
14065,-0.5532015404959981,-0.5654622627898603
14066,-1.1407322144323542,-1.148816389120346
14067,-0.7662105689677157,-0.8268926608219545
14068,-0.9008086448492004,-0.8948124418852094
14069,-0.7749501318894616,-0.838872758976855
14070,-1.0731555371321448,-1.0958388481748882
14071,-1.0993647603101508,-1.1480053494390456
14072,-0.9558902618496916,-1.027332783492099
14073,-0.8349038297815841,-0.8892269192401153
14074,-0.9545536475588184,-1.121418699724695
14075,-0.7465109993926192,-0.8529917732580253
14076,-1.2614600889442502,-1.3564066117261262
14077,-0.920825069264848,-0.9781896043014467
14078,-0.9790330385976984,-1.089387929715233
14079,-0.972463113776708,-1.0363932381011758
14080,-0.94762655099233,-0.9093984232279894
14081,-0.8317334365475085,-0.8729783221354417
14082,-0.9363233562587768,-1.104945175967635
14083,-1.3119469123293264,-1.317893338895551
14084,-0.6582449944514148,-0.6802468290422498
14085,-0.9952942262324252,-1.0264849320772402
14086,-0.7725196993628214,-0.7958028605085985
14087,-0.831427954888159,-0.839284110910557
14088,-1.0220398902893066,-0.9668666503150667
14089,-0.7517797207647516,-0.8198532844485033
14090,-1.0037724796191667,-1.033900108446123
14091,-1.0917647162149118,-1.1438816082795007
14092,-0.8199255457220151,-0.8605883951778267
14093,-0.6397174458171047,-0.6901167770651602
14094,-0.6592496377003344,-0.6498657262191917
14095,-0.7482331843339196,-0.7359593254908456
14096,-0.6417668244635412,-0.6629674131349863
14097,-0.6290647271991701,-0.7003540598312687
14098,-0.9721306562423706,-1.0779793447618427
14099,-0.9803626528081968,-1.0355946707624533
14100,-2.756026169833015,-2.380674645568577
14101,-1.4346207213956257,-1.2417225610128273
14102,-1.1064567103866458,-1.0684100043869895
14103,-1.5631142086452907,-1.4214351336007287
14104,-1.3420305663141712,-1.2129550849036055
14105,-0.7620032998018487,-0.7912168208840459
14106,-1.251987647037117,-1.1548961383702558
14107,-1.0821963872096336,-0.994277576054899
14108,-0.6817680477171906,-0.6224314380784299
14109,-0.8008570685798739,-0.550999715829779
14110,-0.9135445447195144,-0.8061072414663123
14111,-1.1933487137158711,-0.9954464371002927
14112,-1.940051768507276,-2.111271998045915
14113,-0.9655570457147996,-0.8798886302187534
14114,-0.851476832292974,-0.7120287816942377
14115,-1.534390476014879,-1.4456386898830742
14116,-0.9665933320919672,-0.9102999030235754
14117,-1.3445761120596598,-1.213822008650067
14118,-1.3595556130354431,-1.2028536670122356
14119,-2.447863681749864,-2.2752340457566977
14120,-1.3931378699265993,-1.2831202370984711
14121,-0.7955498242563055,-0.6632583632228676
14122,-1.0511449270132112,-0.9196739311668073
14123,-1.1101108715515728,-1.0759940285140241
14124,-1.1691129521806112,-1.092558254117972
14125,-0.4522120250287906,-0.4757799578492404
14126,-0.6894472726555758,-0.6792125792521695
14127,-2.346392455308333,-2.175323177833051
14128,-2.0361980370112827,-1.7614510261939824
14129,-1.2969596518410578,-1.203401437104453
14130,-0.8729620538651943,-0.7355218427560427
14131,-1.5512825427231964,-1.3256199082661084
14132,-1.219890913926065,-1.1859106039696234
14133,-0.6995741538703442,-0.6068881754136287
14134,-1.1850277804589089,-1.064269773457607
14135,-0.827781220739202,-0.7629604687957989
14136,-0.9406501041217284,-0.9365600404269001
14137,-1.2135727950768878,-1.2246187109503883
14138,-0.7744079706237073,-0.6850263307976896
14139,-1.5434742666954218,-1.4328911391996433
14140,-0.6136616129141588,-0.6582009179728107
14141,-0.7452714997668599,-0.5639612917076355
14142,-1.3972457906072453,-1.2208928868395397
14143,-1.4127033634703288,-1.3646972465582083
14144,-1.346933288499713,-1.2105212147391673
14145,-0.9060156401246786,-0.8507092429149526
14146,-1.2194987915564277,-1.0128030521617961
14147,-0.9270713430966516,-0.7064051910008952
14148,-1.0444212470735823,-1.0771058232802986
14149,-0.4266792197725666,-0.40559803287249896
14150,-0.8991964124143124,-0.7648509980723606
14151,-1.5953486741975296,-1.5830978641024775
14152,-0.9563899252765864,-0.9151267251717725
14153,-0.8874311077502347,-0.7583911225485295
14154,-1.0872267270460725,-1.044540164748018
14155,-0.6334616418868776,-0.6387570377432443
14156,-1.1410148679748062,-0.9787690820388716
14157,-1.0854344414186108,-0.9780747241790176
14158,-1.108756016008556,-1.013571791623173
14159,-0.7924010733763377,-0.801033976956443
14160,-1.2131033304125765,-1.1749627062695516
14161,-1.084409928880632,-1.0789508568780248
14162,-1.2045430302619935,-1.1517642304087563
14163,-1.0191228985786438,-0.9574352219365515
14164,-0.9854753888570346,-0.8620088880468683
14165,-0.4933668599169478,-0.4248398983753636
14166,-0.7623189623041671,-0.720907916709371
14167,-1.170090456341588,-1.0020246301203088
14168,-0.7863266883894454,-0.7447959150323893
14169,-0.943446487419365,-0.7836907715961089
14170,-0.5976494333100697,-0.5127114168479362
14171,-0.7443024779475013,-0.6545678422447734
14172,-0.955078745374874,-0.774023671352619
14173,-0.907465153373778,-0.8451466828040252
14174,-1.1695135694689456,-1.1279329677996446
14175,-2.009753842102854,-1.756697643977978
14176,-1.5133648433183369,-1.364624988756641
14177,-0.970229184816754,-0.851386875810399
14178,-2.2590641758658667,-2.0751959920423024
14179,-0.6174990523945202,-0.5798407588128256
14180,-0.7373039260391117,-0.6449335595614702
14181,-0.614310108413992,-0.6266949239876706
14182,-1.6988519393196402,-1.6679412685670632
14183,-0.4992571245540272,-0.4568994512509624
14184,-0.535387241045634,-0.5246847835603586
14185,-1.175692780997402,-1.0000959989988578
14186,-3.5092113415400186,-3.117439740092279
14187,-1.07524308655411,-0.8949336128775822
14188,-0.967309316923452,-0.8883741489555522
14189,-1.007106922088413,-0.9480712937566277
14190,-2.119153883146203,-2.126970747999413
14191,-1.635199369922761,-1.4689308065414024
14192,-0.7076706528663635,-0.7089606120667318
14193,-0.525707515205924,-0.4474659294207624
14194,-0.8685393167096515,-0.8946427041441186
14195,-0.8196634985506535,-0.7052654880748612
14196,-1.1150340331617252,-1.047713447891541
14197,-0.5413636884023977,-0.49452341478325185
14198,-0.9135514972731472,-0.7595768240066237
14199,-0.9668465584747552,-0.92559258828499
14200,-0.7533824277478595,-0.795601167866172
14201,-0.909408176767415,-0.9284573848226356
14202,-1.054325829180636,-1.0431859044063005
14203,-1.0362970163655836,-1.0784717128354646
14204,-0.9544741201770398,-0.9931030249209946
14205,-0.8026045662488124,-0.8567437021412074
14206,-0.5889287604842075,-0.6172279156881587
14207,-0.950804869333903,-0.9734906346600715
14208,-1.2512250214584113,-1.1969194166592407
14209,-1.1196062555608823,-1.1045868350895685
14210,-1.1680024123007011,-1.1502151780491878
14211,-1.683234406041575,-1.6443324989039527
14212,-1.958200412137168,-1.9492490809419065
14213,-1.2957698585557156,-1.246961762537348
14214,-0.6377810526263806,-0.6630175764983335
14215,-1.0691614411771295,-1.0974142023258506
14216,-0.9832676917083504,-0.9872575993791156
14217,-1.0214662967726242,-1.0227918506584186
14218,-0.9251209645308264,-0.8754994550361642
14219,-1.039815958156142,-1.008979136484572
14220,-0.8476283236067425,-0.8662662388572118
14221,-0.8068083829657976,-0.8108662737001341
14222,-0.8757505943608839,-0.9072898271419316
14223,-1.1954432032829108,-1.1867752971736152
14224,-0.9060996641484342,-0.8399168829193893
14225,-0.3894264015377077,-0.4080028236089988
14226,-0.8829584251078524,-0.8046787721303011
14227,-1.1081222489822742,-1.0871871965373838
14228,-0.9198519277942272,-0.888651040850008
14229,-1.0345952658690225,-1.038480851739151
14230,-1.2148286335228025,-1.21846199574249
14231,-1.146455072617346,-1.094125502190451
14232,-1.2912165647329286,-1.3428378725977606
14233,-0.8171651363372803,-0.8296136602660997
14234,-0.9305724376855896,-0.9171419094748844
14235,-0.8903558411339457,-0.9138840765794862
14236,-0.8033411900202433,-0.8450991282428759
14237,-1.0245687111403592,-1.1033115918971563
14238,-0.8142200957897098,-0.8120504524531452
14239,-0.928696730340174,-0.9024383979461886
14240,-0.624060819699214,-0.6493410472746207
14241,-0.8756782657416292,-0.8204825608871456
14242,-1.0819300570229229,-1.0587293020952337
14243,-1.2415150228396867,-1.2346402257704645
14244,-0.9093097383661788,-0.9922935918624795
14245,-0.8029214753661045,-0.8365687912731227
14246,-0.8444542227767584,-0.8376127298478825
14247,-1.1548838818720144,-1.1952625010439961
14248,-0.922898108645003,-0.8762789935462358
14249,-0.8715962670570196,-0.9370309798967666
14250,-0.9625092994335086,-0.9207485690634957
14251,-1.1562130432720332,-1.1897900352455306
14252,-1.0356946056203324,-1.056258024954125
14253,-1.3009965697000192,-1.2950132211018386
14254,-0.8411983824515528,-0.9671605392977347
14255,-0.6523017079331154,-0.6489888754625465
14256,-0.9768478713294332,-0.9876814525080277
14257,-0.9865198218545248,-0.9106777998836195
14258,-1.089685355970102,-1.165406777830697
14259,-0.9062864826631176,-0.9690915655116371
14260,-1.2546707992405854,-1.2546411516558766
14261,-0.9998112944669502,-1.0310515350166027
14262,-0.8817427324694257,-0.9173167228493637
14263,-1.4881853854009348,-1.4757452311064292
14264,-1.0561619263428907,-1.0072278514784685
14265,-0.5188371894895568,-0.5107662151008179
14266,-1.1168139646219652,-1.1079873315604924
14267,-0.788221983022468,-0.7484428853738325
14268,-0.940950689389724,-0.8733790734732373
14269,-0.7377256432244944,-0.7718429188294862
14270,-1.01548970669739,-1.072452701017395
14271,-1.099768177483433,-1.129161024364643
14272,-0.9574870739796364,-0.9926050503133301
14273,-0.8403756729392118,-0.849952842698866
14274,-1.042620109957318,-1.1236267801783155
14275,-0.7909790161436638,-0.8293638977400053
14276,-1.335658124250959,-1.3630241347821654
14277,-0.9118485607842144,-0.9578860016166607
14278,-1.036677595256835,-1.0583886012052945
14279,-1.0687585644802804,-1.067460017323144
14280,-0.959130894306094,-0.8516245483784897
14281,-0.8490393799404765,-0.8508877468806462
14282,-0.9377611182456792,-1.061998019719459
14283,-1.291897742323173,-1.2643531702643738
14284,-0.6445250005092261,-0.6853783681245166
14285,-0.9861505003862604,-0.9726487143312226
14286,-0.7931273297746052,-0.7526795632652845
14287,-0.8010935829591381,-0.7908472120508141
14288,-1.0334621141123217,-0.9362795319156355
14289,-0.818806761919066,-0.7895606723640799
14290,-1.040105560953303,-1.0232315668701104
14291,-1.038382026576257,-1.0907269598627831
14292,-0.866092371386151,-0.8393476782784586
14293,-0.6405920548032421,-0.6459009187847453
14294,-0.6024867311308656,-0.6360320128664484
14295,-0.7909397182538528,-0.7406553781662379
14296,-0.7390624358672504,-0.6488835752130719
14297,-0.6535493726878203,-0.6522437244510038
14298,-1.0049426380053972,-1.0473463177084166
14299,-0.9738763635472734,-0.9921529935259545
14300,-2.5787261093364044,-2.5881887059971485
14301,-1.3270987494047295,-1.2924991430186863
14302,-1.0728391381197198,-1.1201302826923585
14303,-1.5587102678087024,-1.52329805622201
14304,-1.4065531410019974,-1.2117915800926713
14305,-0.7613693521928417,-0.8053125433199979
14306,-1.2347717260827824,-1.2168613328240296
14307,-1.0491780643315278,-1.0096246466569492
14308,-0.6630926760592202,-0.6646759748054599
14309,-0.7395469671414222,-0.6342974281134935
14310,-0.894540760630653,-0.8673010969562726
14311,-1.1355571111043294,-1.0505842197147213
14312,-1.9575433901378088,-1.94927291750092
14313,-0.8959446193635926,-0.906456098324489
14314,-0.84805210493505,-0.8426849340665462
14315,-1.5387692252794902,-1.4704009059009415
14316,-0.9827339738607408,-0.9625895907023643
14317,-1.2845420837402344,-1.2511538230111203
14318,-1.226703001164842,-1.2513802603013917
14319,-2.39878925410184,-2.3977120149159816
14320,-1.4491134583950045,-1.3440104455634128
14321,-0.7536629114964212,-0.6892956904414735
14322,-0.9678637356292912,-0.9471271569326667
14323,-1.095782296602116,-1.1117608587552603
14324,-1.063857120136882,-1.204709699027299
14325,-0.4630030883375064,-0.484358512753648
14326,-0.6666966953942942,-0.6890980295196822
14327,-2.254808254863905,-2.24407990387628
14328,-2.005129547346206,-1.8538852227540816
14329,-1.3064795511740226,-1.2914836362847986
14330,-0.8325113151222467,-0.799839799734219
14331,-1.5671844394118697,-1.385151903390488
14332,-1.2007090309634805,-1.217856491955545
14333,-0.6600243048742414,-0.6269672134743058
14334,-1.129690425340519,-1.0858924155350023
14335,-0.822208937748458,-0.7704955480160478
14336,-0.9227339313788848,-0.9781063303271531
14337,-1.1811595157135364,-1.2581760858137296
14338,-0.729719054041885,-0.7274216101555686
14339,-1.4955462799515835,-1.4969618583485744
14340,-0.6222013803628775,-0.649890825915946
14341,-0.6965955597485682,-0.604107178083535
14342,-1.2631321868231131,-1.3051130913392008
14343,-1.353308968765791,-1.3973001641774723
14344,-1.2818387700244784,-1.3211544680722367
14345,-0.8808146361261606,-0.865090765514932
14346,-1.230132464049519,-1.118392458527299
14347,-0.8295858987542086,-0.7389254212839487
14348,-1.0590080193110876,-1.0416089484224746
14349,-0.4301977086423048,-0.4214093114393749
14350,-0.868683772161603,-0.8388228579662318
14351,-1.5186077060625536,-1.5745954317323214
14352,-0.9917946286903796,-0.9650888782739442
14353,-0.8346999865169673,-0.7998307416594153
14354,-1.072092610411346,-1.0704678098251026
14355,-0.6261414346240816,-0.6499539105918294
14356,-1.125935438067414,-1.0847715918542726
14357,-1.078068034593449,-1.0105328683571266
14358,-1.066904284991324,-1.1077133259568077
14359,-0.7966578016678493,-0.7944664958236712
14360,-1.1475631506868111,-1.1723026224386266
14361,-1.080212908796966,-1.1137555309627805
14362,-1.1758084416389465,-1.194632963574264
14363,-0.9779898440465332,-1.0110789328119816
14364,-0.971874355352842,-0.9165239940495715
14365,-0.4907709726920494,-0.4481158753407755
14366,-0.7263444985530173,-0.7384308441706094
14367,-1.125396958617277,-1.0303093161093104
14368,-0.7787908093873844,-0.7583797743621258
14369,-0.9182669275490812,-0.859471394141884
14370,-0.59877719292565,-0.5925015216364757
14371,-0.6708687839581985,-0.7276986531470166
14372,-0.9075216067080596,-0.8359600096004662
14373,-0.8944666748866439,-0.9181088702315604
14374,-1.1773345776363813,-1.1663833214633044
14375,-2.0218568099172494,-1.871797186083774
14376,-1.4553210107903731,-1.4693383166899232
14377,-0.9073004117087712,-0.8299480349397049
14378,-2.195992267493046,-2.2788331746390256
14379,-0.6216738744215532,-0.6089831330425224
14380,-0.717978084734244,-0.6861959131971511
14381,-0.6157485366791717,-0.6145935835721419
14382,-1.664540644763976,-1.6991401795731391
14383,-0.4754951303655451,-0.46788937147119
14384,-0.5357333405812581,-0.5251301109413973
14385,-1.115534166032954,-1.0445371527434446
14386,-3.1419396854582287,-3.296183521186849
14387,-1.0436994042247534,-0.976286652901851
14388,-0.93318782111471,-0.9105549089888828
14389,-0.9814836792989609,-0.9855442258187687
14390,-2.0201506977495938,-2.320295566018006
14391,-1.5628176389201995,-1.5960345210659939
14392,-0.7039003491401672,-0.6935263766213062
14393,-0.5230870096702275,-0.5045690089718062
14394,-0.8863554416700851,-0.9107525709568993
14395,-0.785067155957222,-0.7602050925730762
14396,-1.101486549821011,-1.0863329900542
14397,-0.5062962243723315,-0.4932312198306799
14398,-0.8630207516252995,-0.8010192916483725
14399,-0.9062009569286376,-0.9609682325451595
14400,-0.7390764655992966,-0.7956011617371264
14401,-0.9218277766786772,-0.9284574334383593
14402,-1.0505461027455885,-1.0431859289944754
14403,-1.067944473074388,-1.0784717878540846
14404,-0.9570733983387318,-0.9931031050113266
14405,-0.8081562140191249,-0.8567437315054616
14406,-0.5917719750441321,-0.6172279749768821
14407,-0.9391781027002852,-0.9734906417980753
14408,-1.2654315861620644,-1.1969194182107898
14409,-1.1329727182092593,-1.1045869205733916
14410,-1.162944234618845,-1.1502152479367995
14411,-1.6812718242079348,-1.644332465665832
14412,-1.944964621748243,-1.9492493371227684
14413,-1.2871718279650954,-1.2469618406335217
14414,-0.6411410145057265,-0.6630175997005836
14415,-1.0477189365774393,-1.0974142178483184
14416,-0.9907561004623886,-0.9872576347777282
14417,-1.0200340507566468,-1.0227918721772409
14418,-0.932875865189604,-0.8754995123015082
14419,-1.0464158686556555,-1.0089791338626766
14420,-0.8572002824886825,-0.8662663771008232
14421,-0.7902755293735239,-0.8108663336647115
14422,-0.905264935752218,-0.9072899090652106
14423,-1.188235899274663,-1.1867753024710856
14424,-0.9226321564164272,-0.8399169118548385
14425,-0.3826987030159713,-0.4080028529583254
14426,-0.874409465826759,-0.8046787314751705
14427,-1.1183126129845316,-1.0871872269979592
14428,-0.9320787745852804,-0.8886511133630148
14429,-1.076543645341267,-1.0384810071643888
14430,-1.2248167538827703,-1.218462029741227
14431,-1.156812256620836,-1.0941255658814766
14432,-1.319089923718179,-1.3428378984266567
14433,-0.8031420790871908,-0.8296137059564481
14434,-0.9233461452084918,-0.9171419552633165
14435,-0.8799083131228307,-0.9138840908692115
14436,-0.8177077899376551,-0.8450992163559098
14437,-1.029332390127256,-1.1033116311329225
14438,-0.8063462288804757,-0.8120504515603126
14439,-0.8770654164543448,-0.9024383320088886
14440,-0.6250488427969125,-0.6493410754596161
14441,-0.8888357646705568,-0.8204826473899594
14442,-1.0727631158606952,-1.0587292531246693
14443,-1.2473662527956704,-1.2346402108921815
14444,-0.9087329936581988,-0.9922936159909468
14445,-0.810331521108169,-0.8365688685619564
14446,-0.8549277078448319,-0.8376128143841705
14447,-1.163911265920299,-1.1952624897378696
14448,-0.9154223832049112,-0.8762790361910481
14449,-0.8917245384334593,-0.9370310709240843
14450,-0.9825793957525446,-0.9207485813745226
14451,-1.1567521363265754,-1.1897901173508205
14452,-1.023376368737036,-1.0562580461646696
14453,-1.3220068696857423,-1.2950131796929332
14454,-0.8168209356855053,-0.9671604724268918
14455,-0.6560513464979423,-0.6489889194116861
14456,-0.9689911243527436,-0.9876814470309575
14457,-0.9913606680640878,-0.9106777931960259
14458,-1.1078223812487695,-1.1654068857007043
14459,-0.9033125703649004,-0.9690915937441991
14460,-1.2431017104969468,-1.2546411574805443
14461,-1.010697275169136,-1.0310515839806291
14462,-0.8811880802923395,-0.917316713318489
14463,-1.4899311028709707,-1.475745270152643
14464,-1.0625723866315988,-1.0072278021179297
14465,-0.5407735589862794,-0.5107662981712171
14466,-1.134032234665035,-1.1079874119203141
14467,-0.7756500669228014,-0.748442896000382
14468,-0.9439520299896712,-0.8733790808772327
14469,-0.7411578819733258,-0.7718430139371691
14470,-1.024136871330498,-1.0724527379434765
14471,-1.1057842036550358,-1.1291610147956312
14472,-0.9619503520255864,-0.992605077513532
14473,-0.8462240113768467,-0.8499528945937437
14474,-1.0289259548335112,-1.1236268017542477
14475,-0.7783019690387016,-0.8293639016000612
14476,-1.3535648621329963,-1.363024193669081
14477,-0.9128029836240664,-0.9578860997956534
14478,-1.0280524418335553,-1.058388554448069
14479,-1.0677835688752644,-1.0674600412058386
14480,-0.9652025209840878,-0.8516245482336516
14481,-0.8568007835122042,-0.8508877948931514
14482,-0.9459378710088804,-1.0619980603438595
14483,-1.3073520041251367,-1.2643531363698777
14484,-0.6642305974690419,-0.6853784183912105
14485,-0.9792883682620618,-0.9726487060164932
14486,-0.7980403179346129,-0.7526796080764874
14487,-0.7815326609352763,-0.7908471709470796
14488,-1.0372368725695351,-0.9362795410250295
14489,-0.8031207655751428,-0.7895606725607375
14490,-1.0020789074343304,-1.0232315123171358
14491,-1.035385856332705,-1.0907269400713913
14492,-0.8523786576219308,-0.8393476346903324
14493,-0.6466848295788432,-0.6459009427139673
14494,-0.6345267552363721,-0.6360320074836489
14495,-0.7811558154202247,-0.7406553275010433
14496,-0.7256270988967067,-0.6488835119195525
14497,-0.6473256626794505,-0.6522436911628494
14498,-1.0157977906308433,-1.0473463556769642
14499,-0.9444081524545832,-0.992153006099917
14500,-2.5820043367498062,-2.588188727286379
14501,-1.2451261660849402,-1.2924989117965069
14502,-1.0244517991709154,-1.1201302308733487
14503,-1.4797353400124444,-1.5232977943871941
14504,-1.3951390529501029,-1.211791858540825
14505,-0.7516675466714904,-0.8053125654778203
14506,-1.1872393938959862,-1.2168613174758305
14507,-1.0022194690482562,-1.0096245218583895
14508,-0.6605497330658195,-0.6646759338131598
14509,-0.7345322885631044,-0.6342973845015244
14510,-0.8718288444337391,-0.8673011303568746
14511,-1.079271384080251,-1.0505842977411413
14512,-1.9459319795881,-1.9492731783807118
14513,-0.8348694161851277,-0.9064560021583534
14514,-0.8287118272855878,-0.842684893256483
14515,-1.5027688675456576,-1.4704009984997446
14516,-0.9627111117045084,-0.9625895538402492
14517,-1.280760683754618,-1.2511537139808855
14518,-1.2032809257507324,-1.2513802626151393
14519,-2.2426839145747097,-2.3977116427541474
14520,-1.3804187660033886,-1.3440102831571001
14521,-0.7291436260060746,-0.689295509490498
14522,-0.90780699834591,-0.9471270128490923
14523,-1.0517178311828494,-1.1117607333879203
14524,-0.9460403207660646,-1.2047096735132912
14525,-0.4563198791917904,-0.48435853310988414
14526,-0.6320090940756391,-0.6890979355437276
14527,-2.1248847712641177,-2.244079682862252
14528,-1.944246683801924,-1.8538851705436659
14529,-1.279848571176882,-1.291483641982133
14530,-0.7557198135182261,-0.7998396988712825
14531,-1.591207433629919,-1.3851520433427633
14532,-1.1704462254419925,-1.2178563791312451
14533,-0.6364714223891497,-0.6269671883098333
14534,-1.0590105491091115,-1.085892281051759
14535,-0.8020481231600739,-0.7704954436306165
14536,-0.9077407026832754,-0.9781063438605303
14537,-1.1577167289201604,-1.2581760787238412
14538,-0.6876800144751241,-0.7274215852987648
14539,-1.4791317937910096,-1.4969618278244234
14540,-0.6222526064285865,-0.6498908548912096
14541,-0.6285961034686066,-0.6041070845404866
14542,-1.2448089575582697,-1.3051130156611177
14543,-1.325371452080187,-1.3973001162225043
14544,-1.2333282558247447,-1.3211542448269065
14545,-0.8741154372692108,-0.8650907202725626
14546,-1.158366991126019,-1.1183923065186316
14547,-0.7391267294107482,-0.7389252612059757
14548,-1.066045539719718,-1.0416091738080933
14549,-0.4160753755427118,-0.4214092577474212
14550,-0.8480918752029538,-0.8388228253807395
14551,-1.5006654696871145,-1.5745953794153165
14552,-0.924013240392818,-0.9650887779797018
14553,-0.8066922574080237,-0.7998306339514426
14554,-1.051996354945004,-1.0704677616086697
14555,-0.6352068223650493,-0.6499539961036178
14556,-1.114343194998512,-1.0847715488183576
14557,-1.0462310369624648,-1.0105327991922852
14558,-1.00171812530607,-1.107713132605661
14559,-0.7846527993679047,-0.7944665282660237
14560,-1.130963267281998,-1.1723025394251603
14561,-1.0186173943802714,-1.113755422410141
14562,-1.149751228094101,-1.1946329046874216
14563,-0.9325252790004016,-1.0110788689156887
14564,-0.907021727011754,-0.9165236609508342
14565,-0.470368292596605,-0.4481158890049017
14566,-0.7023192819698837,-0.7384308196059682
14567,-1.0805077857749408,-1.0303092545340098
14568,-0.773038806841355,-0.7583797228522272
14569,-0.8796403472737748,-0.8594712226450847
14570,-0.5547276129798283,-0.5925014674422232
14571,-0.6243002072785252,-0.7276985757849085
14572,-0.8773086289970242,-0.835959937917837
14573,-0.854198838584125,-0.9181088542904233
14574,-1.1498269771052674,-1.1663832741381877
14575,-1.988602167681644,-1.8717969963601724
14576,-1.4274659219541048,-1.469338368486836
14577,-0.9004884409526038,-0.8299479597424464
14578,-2.084882219632467,-2.2788327488224343
14579,-0.6026502305811102,-0.6089831550690685
14580,-0.6962599172148594,-0.686195745441048
14581,-0.6034536370935366,-0.6145936512446951
14582,-1.6110391006913296,-1.699139958164659
14583,-0.4653254964134909,-0.4678893605869432
14584,-0.5200986957550049,-0.5251301613065844
14585,-1.1062507416850835,-1.0445369451578463
14586,-2.97077781245822,-3.2961830548052022
14587,-1.035723153501749,-0.9762865563575555
14588,-0.9072793897732284,-0.9105547958771345
14589,-0.9415152193209448,-0.9855441776071613
14590,-1.9564601649408755,-2.320295400710549
14591,-1.5282146469239266,-1.5960343957912329
14592,-0.6910441309213639,-0.6935264136518423
14593,-0.5083418324237733,-0.5045689359407384
14594,-0.8899956636650618,-0.9107525855634657
14595,-0.7399969594553113,-0.7602050210770076
14596,-1.103453942971636,-1.086332966694663
14597,-0.4861280104910681,-0.49323116172800674
14598,-0.8352586328983307,-0.801019264159809
14599,-0.8417992055878158,-0.9609681201812622
14600,-0.7607602213704309,-0.7949288204737012
14601,-0.9018728804999384,-0.9227315540158819
14602,-1.0583405993705572,-1.0391829003043993
14603,-1.01356414769047,-1.0742625650042148
14604,-0.9414719398631606,-0.9915356685366055
14605,-0.7791115017824395,-0.8523717535075663
14606,-0.5859713406525842,-0.6142264188992002
14607,-0.885008691817291,-0.9669022978023089
14608,-1.2555584667264954,-1.1888681391901927
14609,-1.149886078612749,-1.1043424245923819
14610,-1.172988668892735,-1.1454999138938977
14611,-1.7123394012451172,-1.642435681072682
14612,-2.002659005778177,-1.944373862894769
14613,-1.268839063214474,-1.2404981056479056
14614,-0.6245548669681993,-0.6563411559284201
14615,-1.0584857100620866,-1.0969172279134944
14616,-0.9862722555796304,-0.9842580596439514
14617,-0.995613781980766,-1.0174112244788345
14618,-0.9298638049946276,-0.8702044896978224
14619,-1.0493296005929162,-1.0040700907817979
14620,-0.8276253301043843,-0.8604526879909887
14621,-0.8024102541827416,-0.8035627340719038
14622,-0.8643884058146514,-0.9033303557774249
14623,-1.2044071365696516,-1.1830752811948273
14624,-0.8972266090008639,-0.8261906410817681
14625,-0.3793338343628451,-0.4092886446141762
14626,-0.8621881211450858,-0.793945276553219
14627,-1.075349256049755,-1.0838989353949227
14628,-0.946033007414766,-0.8843125451469961
14629,-1.028220064880312,-1.030514152057076
14630,-1.2036641512730324,-1.2135326004348532
14631,-1.12097533359084,-1.0872469435799768
14632,-1.2907371040462523,-1.3368825039295131
14633,-0.786256097083868,-0.8248761202301034
14634,-0.9165724506673888,-0.9107824385192033
14635,-0.8797453096670698,-0.9072622982612778
14636,-0.8049817969401677,-0.841093429890931
14637,-0.998868470968202,-1.1005770415023128
14638,-0.8130145377891008,-0.810030077828124
14639,-0.9072384270586707,-0.8973514932806247
14640,-0.6177868439601018,-0.6493395295042631
14641,-0.8722112955049027,-0.8106599468887901
14642,-1.0358891930691032,-1.0493495680947942
14643,-1.2340816102286642,-1.2252632493639453
14644,-0.866072553072789,-0.9879243738004171
14645,-0.7962945514871168,-0.8322205142881715
14646,-0.8343253069975245,-0.8292061613485009
14647,-1.1533890528272288,-1.1883987933589537
14648,-0.9020988848782324,-0.8700367695522491
14649,-0.8789797901183136,-0.9364209293423829
14650,-0.956062257751938,-0.9118138183763308
14651,-1.1315530732620591,-1.185851245625252
14652,-1.0348857373230218,-1.053864565452386
14653,-1.2890147211015686,-1.2905561830634138
14654,-0.8336522551470025,-0.9614241533182979
14655,-0.6617582999458609,-0.6453271360801119
14656,-0.9768779832263326,-0.9805888213636923
14657,-0.9427256445552028,-0.9018781078270798
14658,-1.1092791603517165,-1.1608866376870568
14659,-0.9114656928897829,-0.9649391253360224
14660,-1.2370253135991651,-1.2504970968238862
14661,-1.0250841157380923,-1.025866533014217
14662,-0.8796953323275544,-0.91592221173744
14663,-1.4666824414748554,-1.4716498075366238
14664,-1.0359663147192737,-0.9998889142909535
14665,-0.548716987750327,-0.5068122561071892
14666,-1.1231135277785071,-1.1036340799526316
14667,-0.7345653559810431,-0.742060757962141
14668,-0.9637269973754884,-0.8667579006845396
14669,-0.7440747706465018,-0.7642712073434775
14670,-1.0309139628743016,-1.0728710142424431
14671,-1.1194689033567444,-1.121972820839443
14672,-0.988371732623078,-0.9883717075101593
14673,-0.8271000838094904,-0.8436159178552418
14674,-1.0141725567884223,-1.119062376330399
14675,-0.7766369001000328,-0.8255802436586355
14676,-1.3462643771208531,-1.3582968467355154
14677,-0.9117781275002532,-0.9547704522875413
14678,-1.0351188755774683,-1.0540356118133254
14679,-1.0676912938134144,-1.0654562678962063
14680,-0.9545256453891132,-0.8446364499657186
14681,-0.8413954150769137,-0.8473719515218042
14682,-0.9467392392860826,-1.0598038054302579
14683,-1.3201571721439214,-1.2615624684653308
14684,-0.6656278551749464,-0.6853552103832208
14685,-0.9852712912152904,-0.9657161324983072
14686,-0.7690809909687486,-0.7453999352388267
14687,-0.7916913864224456,-0.7866937753684721
14688,-1.0244711822317552,-0.9334650735969888
14689,-0.802326429721921,-0.7854408012319168
14690,-1.0078437790390131,-1.0205917627850363
14691,-1.0423941122469051,-1.085446113517054
14692,-0.8837005167968514,-0.8371402582406527
14693,-0.62986832256465,-0.6399290850263475
14694,-0.6302490128746515,-0.6375597016433985
14695,-0.79498992409817,-0.7325059572994521
14696,-0.696778185607851,-0.6372723088442537
14697,-0.6630465910416241,-0.6445157043219839
14698,-1.004222731257594,-1.043061722105188
14699,-0.9394056723099348,-0.9884607224759487
14700,-2.5844667027978336,-2.6066537941363084
14701,-1.2788110333819722,-1.3006893579333478
14702,-1.046519630639128,-1.1264016570036282
14703,-1.5389383925331963,-1.5337793668242872
14704,-1.3768412409157589,-1.2141972762923798
14705,-0.7465341525484425,-0.8077274752502913
14706,-1.2186173760161108,-1.220937553294777
14707,-1.013479468434356,-1.0117752579281203
14708,-0.6588292297466781,-0.6660801414936851
14709,-0.753664439107165,-0.6377545152627746
14710,-0.8729775792076474,-0.8698564433860785
14711,-1.0754879633585612,-1.0571680421648233
14712,-2.000806306089674,-1.944373861582894
14713,-0.8619245919146279,-0.9135537790618568
14714,-0.8308613132685423,-0.8497481197864802
14715,-1.488940156168408,-1.4713130009835305
14716,-0.9714030732711156,-0.9671449848313264
14717,-1.2873523263044135,-1.2541337784742477
14718,-1.217832044623364,-1.2591161287153283
14719,-2.224320861426267,-2.4196101645541246
14720,-1.3348805675139794,-1.3502170332857613
14721,-0.7401757748552071,-0.6920440022208478
14722,-0.9352299382046956,-0.9562514836647348
14723,-1.0662394383156946,-1.1177929514271665
14724,-0.9641519590865734,-1.2205935396759418
14725,-0.4544924469881279,-0.48571591941419007
14726,-0.6463846190031185,-0.6923425506239612
14727,-2.14368996931159,-2.2639658722399756
14728,-2.022263941310701,-1.8571524214241326
14729,-1.236842707351402,-1.2966422705316625
14730,-0.7900072457268834,-0.8061373712186395
14731,-1.4885826110839844,-1.3823059016772148
14732,-1.182871662080288,-1.2226868214237585
14733,-0.6523459693416953,-0.6292178217302276
14734,-1.0839795428653096,-1.091098897589057
14735,-0.8273680764575337,-0.7701044278330155
14736,-0.9179781025106256,-0.9836738431990207
14737,-1.1505907321161075,-1.2657741455229146
14738,-0.7253935487251583,-0.7322462292911168
14739,-1.4880180525225262,-1.5018478117655139
14740,-0.612672052016625,-0.6499459651567202
14741,-0.6308432105899782,-0.607787583610843
14742,-1.2662815909053005,-1.3169775987592256
14743,-1.336792055026505,-1.4012890640906195
14744,-1.2794177010655403,-1.3310793297395036
14745,-0.8689089464023709,-0.8669521600654828
14746,-1.2043671158776768,-1.1249485644235677
14747,-0.790541783783787,-0.7447583825531564
14748,-1.0528506423745836,-1.036321763532601
14749,-0.4263846980991648,-0.4225720854265063
14750,-0.8476351173594594,-0.8447191811295142
14751,-1.4899692600087602,-1.5804890817076913
14752,-0.922017126120338,-0.9698394870216115
14753,-0.8099263555319735,-0.8057598546424443
14754,-1.0814728811383247,-1.0726115208298652
14755,-0.6477435316358294,-0.6509099612466962
14756,-1.12352846666824,-1.0886241143424649
14757,-1.0507395332173783,-1.013155622741541
14758,-1.053057993762195,-1.1146122730214054
14759,-0.7875722994407018,-0.7942915096856653
14760,-1.136688439420951,-1.1753982366423932
14761,-1.0436458243057132,-1.119508581458987
14762,-1.1514130055904388,-1.2016160159422928
14763,-0.9695043368265032,-1.0161480679891126
14764,-0.8942142770840571,-0.9200030671379829
14765,-0.4911187469449817,-0.45046942922634736
14766,-0.7225096826405488,-0.7400061755126475
14767,-1.088817560395529,-1.0339377090221118
14768,-0.774644696435263,-0.7600027810885804
14769,-0.8786559317463128,-0.8663214225844913
14770,-0.5726445610561068,-0.5976310643475131
14771,-0.6568160759386166,-0.7345850803769668
14772,-0.8925915409107598,-0.8382085578845675
14773,-0.8588254665955901,-0.9232105476116592
14774,-1.1712476067838415,-1.1682772375503787
14775,-1.968863568807903,-1.8795605147478156
14776,-1.4285144567489625,-1.4786591612234246
14777,-0.909104587539794,-0.831127818608525
14778,-2.127330212882071,-2.3004719510746097
14779,-0.6114967042749578,-0.610751004453941
14780,-0.7086859313092491,-0.6870961710667054
14781,-0.6164422950079275,-0.6138313185328382
14782,-1.630478167718695,-1.706663448149643
14783,-0.4592472466555509,-0.46958306222589874
14784,-0.5244013532002767,-0.5265099460972056
14785,-1.0822397590607635,-1.0445313477238776
14786,-3.0709381046749296,-3.324324748078522
14787,-1.0285057527944446,-0.9799414649604604
14788,-0.9052024321962696,-0.9131520711371772
14789,-0.9520891248633008,-0.9887469858477718
14790,-1.9857307517010232,-2.343795938428379
14791,-1.5256123177466854,-1.6096670458756273
14792,-0.7012580662965775,-0.6950664123002179
14793,-0.5075763820663212,-0.5088101043506432
14794,-0.8718222546022992,-0.9112239641825772
14795,-0.7562140207737684,-0.7664068086172913
14796,-1.106384735698848,-1.088135878376914
14797,-0.5100796989692274,-0.4955193698397991
14798,-0.874233053997159,-0.8032223452649502
14799,-0.8592926485593929,-0.9653359169660884
14800,-0.8330417723618737,-0.8503793414883606
14801,-1.0657590648223614,-1.1319115914831057
14802,-1.1640455990798713,-1.1808002871497738
14803,-1.1864385503207069,-1.1930355558613717
14804,-0.9854295262994692,-1.0342730372485405
14805,-0.9285242511320484,-0.9642227403556171
14806,-0.6843104390210883,-0.7049277008787159
14807,-1.0079149303510206,-0.9945854561957884
14808,-1.3499462087025014,-1.4033405215487804
14809,-1.0891209979389989,-1.142011398111791
14810,-1.1791211477545804,-1.1697069907416366
14811,-1.116853411381061,-1.0731730729930873
14812,-2.191739099366324,-2.3933946904430097
14813,-1.4072214873110662,-1.442908416743658
14814,-0.7290100857268932,-0.8208153203090202
14815,-1.0924488138407469,-1.1181466061030834
14816,-1.0712787097738694,-1.0930810744042803
14817,-1.0801105268241824,-1.0853222998497405
14818,-1.014585253804229,-1.0160745219381442
14819,-1.1944161625795586,-1.1453405588584555
14820,-0.9442788112995236,-1.0027669239353794
14821,-0.902805724809336,-0.931814849408517
14822,-0.8870414079621781,-0.8420522525722017
14823,-1.1443563089814297,-1.227803548039277
14824,-0.9838060251502104,-0.9258635938890548
14825,-0.3726672667723436,-0.38170676749098914
14826,-0.9851837047310764,-0.9490039681547364
14827,-1.1125696777373322,-1.0985513838418697
14828,-0.9750549432843232,-0.9886961968507406
14829,-1.2204051322715228,-1.2308315634708837
14830,-1.2778344819712084,-1.332846440237078
14831,-1.184981667718222,-1.2028475205000295
14832,-1.4293911706569582,-1.4385518431822195
14833,-0.8287318621494973,-0.8169932196729038
14834,-1.073796312014262,-1.0676626338719624
14835,-1.0209690702053928,-0.9912588905005836
14836,-0.8963426729043324,-0.9502877616407597
14837,-1.191949073658433,-1.1846777086926956
14838,-0.8358545756155207,-0.918042189273339
14839,-1.055631109910418,-0.9775772251400903
14840,-0.6466875232183016,-0.6749661904623485
14841,-1.0208463862884876,-1.0152230158792315
14842,-1.0243738094965618,-1.1010527220411168
14843,-1.32908857515616,-1.2843246774238923
14844,-0.9062881201736688,-1.0356241882620687
14845,-0.9106545013974804,-0.9253017943245381
14846,-0.8402101420980739,-0.823682422587116
14847,-1.2084463003069856,-1.2978586621810988
14848,-1.0262176898098732,-1.0026479520880396
14849,-0.8600631323895713,-0.9168993805233732
14850,-1.0850195662919866,-1.052974509463879
14851,-1.1746239717616591,-1.264842814344097
14852,-1.1445251998975294,-1.18928065385489
14853,-1.3766477828802064,-1.3173324899924457
14854,-1.0504664607750354,-1.2395689665527878
14855,-0.7635052952655527,-0.7349671176224291
14856,-1.0912135035492654,-1.070407424259869
14857,-0.9828086065691573,-0.9070305391060379
14858,-1.0930024477862572,-1.1717723501481063
14859,-1.0036918636440306,-1.0914976883580128
14860,-1.2197689206101174,-1.2444800065831836
14861,-1.0577128645061522,-1.148652663766104
14862,-0.9876300789589104,-1.0112084755861221
14863,-1.4038696113482927,-1.4986464960241215
14864,-1.162655256344722,-1.286187625158553
14865,-0.6348409966904988,-0.6685852710368789
14866,-1.232993529748547,-1.2305543939310883
14867,-0.9275575044543244,-0.977213828460881
14868,-0.9756355590598528,-0.952444299974335
14869,-0.8368503428244776,-0.974505378181142
14870,-1.0767977672029836,-1.1327698896483722
14871,-1.1686866939529892,-1.2033161650259157
14872,-0.9858547883440356,-1.0986585086811413
14873,-0.9684542916541876,-0.975150610277273
14874,-1.0891648752744807,-1.1332963128169542
14875,-0.8401546246182602,-0.9045868282931697
14876,-1.3381954366846602,-1.3616067794468785
14877,-0.9545315605725428,-1.022064918590117
14878,-1.0104482220124829,-1.1550048433488682
14879,-1.0432764665555143,-0.9922511559434566
14880,-1.058614174524943,-1.0278713281979939
14881,-0.866858440776204,-0.921142970039346
14882,-0.9693219162697015,-1.1828254746009776
14883,-1.3653319270111794,-1.4151708617966539
14884,-0.6976600941622032,-0.6719104343877109
14885,-1.115448590396911,-1.1383117811125991
14886,-0.913362091825914,-0.8912395168721531
14887,-0.9734523998674496,-0.9328199295571682
14888,-1.0603558989458306,-1.0265839999486397
14889,-0.8510269582733627,-0.8835200404553911
14890,-1.1129556783410006,-1.0603591567864243
14891,-1.1718635753143665,-1.2489815239486008
14892,-0.8532980671224668,-0.9029171142401908
14893,-0.7456202590188314,-0.7829048831307276
14894,-0.6122660968877092,-0.6673646971414987
14895,-0.8653964469599169,-0.7559306192868502
14896,-0.8310337454773659,-0.7254906067238598
14897,-0.7477618150932844,-0.8054919851753716
14898,-1.068415261054224,-1.142763592753182
14899,-1.0812099137047464,-1.1193721663783773
14900,-2.429179121466244,-1.9776723514485388
14901,-1.410798618035723,-1.130643219585196
14902,-1.09922460714976,-0.9622988595274928
14903,-1.4194444921281604,-1.2187995023344345
14904,-1.4069838277224838,-1.2066955108015818
14905,-0.8110028865725495,-0.7599013764705039
14906,-1.237812124952978,-1.0394384693127467
14907,-0.9976354098135188,-0.9618074506228352
14908,-0.6622341667958932,-0.5483865430559476
14909,-0.7311859351617319,-0.4026611620225364
14910,-0.842283296585083,-0.6970784345090852
14911,-1.207597049077352,-0.8826702363413961
14912,-2.191739099366324,-2.393572508867485
14913,-0.9506535105002945,-0.812219823203491
14914,-0.7207195861265063,-0.4737815922428219
14915,-1.5729730725288391,-1.40193499556039
14916,-0.9278529614210128,-0.8090819984842514
14917,-1.2237730053968208,-1.1424827866809097
14918,-1.1909831022394115,-1.097007121749382
14919,-2.492462868040258,-2.0000250151951326
14920,-1.4464744742100055,-1.1621904616506291
14921,-0.6786743781363317,-0.6112272820899441
14922,-0.941732092601497,-0.8436708417955094
14923,-1.0871373008387957,-0.9968578422908733
14924,-1.055249154105667,-0.8547050850096224
14925,-0.4504372999649639,-0.4571027189594564
14926,-0.7213958640431248,-0.6519843979837572
14927,-2.3788327963455864,-1.9950447559748488
14928,-2.196103487695966,-1.5987738662311726
14929,-1.2253034865414654,-1.0414375473335704
14930,-0.725881639868021,-0.608661981122114
14931,-1.592550065782335,-1.2376566970153804
14932,-1.1963886953890324,-1.1171206278652437
14933,-0.6840841397643089,-0.566318494817219
14934,-1.1701771261156066,-1.0111317337496117
14935,-0.876439978910047,-0.7519327784093959
14936,-0.9238054088570856,-0.8495238447724629
14937,-1.183526590813038,-1.1437877177551676
14938,-0.6774341346710686,-0.5991194769659643
14939,-1.4972807825073715,-1.3112303906390166
14940,-0.6445298167375418,-0.6716414635255838
14941,-0.6751437408979549,-0.4856285927342525
14942,-1.1245208618252776,-1.0424925520902213
14943,-1.4287075321803722,-1.2976868123889977
14944,-1.2694336883723736,-0.995392957853961
14945,-0.952367939054966,-0.8208046835413993
14946,-1.1816539764404297,-0.8173856462786158
14947,-0.7753993328227553,-0.6332692437842832
14948,-1.165084447179522,-1.1532706800402335
14949,-0.458589947045739,-0.375720766432394
14950,-0.838153607212007,-0.6235232165680461
14951,-1.484719532404759,-1.5770284125603302
14952,-0.9062345739482908,-0.8170623137994725
14953,-0.8493686480115551,-0.6703014374679107
14954,-1.1054053828120232,-0.9947424968014632
14955,-0.6379546929919531,-0.6171490011227394
14956,-1.085369352222413,-0.7918542152089106
14957,-1.0687071186627528,-0.9159404538537732
14958,-1.0311927245929835,-0.8357623400723992
14959,-0.8070245862007142,-0.812398213364848
14960,-1.2413029411966487,-1.1688135095610122
14961,-1.0286389477550983,-1.0023394203937919
14962,-1.1801102757453918,-1.0577521755208708
14963,-0.963681356050074,-0.8522517690191705
14964,-1.011734757056603,-0.760795726239324
14965,-0.4863943982328105,-0.37867824316161025
14966,-0.7576897190522778,-0.6868230484469945
14967,-1.0679602521334508,-0.9433197957331118
14968,-0.7503256696139196,-0.7170085634645246
14969,-0.8727248953294384,-0.6361577581261254
14970,-0.5234499516941252,-0.3644457233354353
14971,-0.6506642038507979,-0.5112564567183205
14972,-0.857176139646647,-0.6648190235599228
14973,-0.8428073534741998,-0.7081721175019196
14974,-1.092015148264117,-1.0584465479652345
14975,-2.1188447851883736,-1.5415856515606796
14976,-1.3913252203088058,-1.1612560168397483
14977,-0.9287031642974368,-0.882538870239306
14978,-2.010116681908116,-1.6677741296293032
14979,-0.6233065995303068,-0.5260470200242111
14980,-0.7422712533048881,-0.5742098225779326
14981,-0.6431063709332961,-0.6491286076402731
14982,-1.6641578045926353,-1.5912324016863095
14983,-0.6020030758597634,-0.433126500987318
14984,-0.5622066990534464,-0.5192693171637496
14985,-1.1606162906617157,-0.9272362741649272
14986,-3.2446853035972234,-2.7287604533763945
14987,-1.025026363320649,-0.7491122074593287
14988,-0.9916726646497268,-0.8431812357180869
14989,-0.993226852985697,-0.8757442201264921
14990,-2.065327069033747,-1.7301378619998775
14991,-1.511659904833763,-1.214202499864334
14992,-0.728113055229187,-0.7290425147431491
14993,-0.4650016750876359,-0.3394212783840928
14994,-0.8684766652972199,-0.8666234588187348
14995,-0.7427363526076078,-0.594111623970016
14996,-1.110046389491059,-0.9782595837310832
14997,-0.5032147991564847,-0.48887297345538006
14998,-0.8797804936766624,-0.684135082664435
14999,-0.9892545735189155,-0.8527487264438428
15000,-0.835429120433423,-0.8525271514299235
15001,-1.030739629063113,-1.1340713744319386
15002,-1.179422139197357,-1.1820267259834734
15003,-1.1480216776677803,-1.1924769101493087
15004,-0.9493504180464634,-1.0339735433321975
15005,-0.895293631294901,-0.9629363732698831
15006,-0.6851601323416067,-0.7048976141291832
15007,-0.9640279694121012,-0.9840081742795062
15008,-1.3452500123386235,-1.4014923349863193
15009,-1.1385648204374683,-1.1438658967338737
15010,-1.2295109116753866,-1.1624061993154395
15011,-1.1609390410748155,-1.0347294466708568
15012,-2.2506171805518016,-2.4118469737974677
15013,-1.3924867315370528,-1.443278330434614
15014,-0.7151214688323265,-0.8184625197250247
15015,-1.0970605332404375,-1.1185225280740672
15016,-1.066197776055151,-1.0941659822957348
15017,-1.0390104489733083,-1.0794620635865848
15018,-1.0260426813317824,-1.0151546003574912
15019,-1.2089427561722983,-1.1448577015038754
15020,-0.9418021468229072,-1.000662602812043
15021,-0.9389080964317618,-0.9260722822586214
15022,-0.8716956016629241,-0.8309172531227285
15023,-1.1517980736355449,-1.2236528642851217
15024,-0.9902802095856778,-0.9064021631238608
15025,-0.3708695020431127,-0.38241092180842473
15026,-0.9671956836715224,-0.9385150348150006
15027,-1.1148027181625366,-1.0933234248651797
15028,-0.985842229783997,-0.9870141468555932
15029,-1.155991564425387,-1.228272624835124
15030,-1.2716370451357937,-1.3309791242702764
15031,-1.1942098242367885,-1.1971208931799378
15032,-1.4138744829237,-1.4336909838784735
15033,-0.821282379386961,-0.8076830727714792
15034,-1.0566958771195525,-1.0654346138155288
15035,-0.9982083278108936,-0.9840726754882685
15036,-0.8895839065313339,-0.9495207388836872
15037,-1.1501110376313677,-1.1847402362926176
15038,-0.8287573646205341,-0.9209017474768815
15039,-1.0690378782361052,-0.9730195814446789
15040,-0.644394890161661,-0.6765348490446871
15041,-1.0397263358729754,-1.009466760306661
15042,-1.0213103128034016,-1.0867478230703604
15043,-1.3327251109041909,-1.2704760942287616
15044,-0.8814898479816525,-1.0304088879615911
15045,-0.8726799525031748,-0.9229084007945724
15046,-0.8287419643927747,-0.8076810043920156
15047,-1.1710484323575514,-1.291783268709658
15048,-0.999277948409088,-0.9991501021171212
15049,-0.8550248913062636,-0.9145654613708655
15050,-1.0677461550217269,-1.0449844849064895
15051,-1.151949547982031,-1.262348296889631
15052,-1.130134904107382,-1.1931255973383539
15053,-1.3531054064284924,-1.3106705708939248
15054,-1.0536565780639648,-1.2459385206027318
15055,-0.7603153877480086,-0.7336418587999435
15056,-1.0927858334179072,-1.062701017707522
15057,-0.9793061655621196,-0.8909515604305981
15058,-1.100779047308042,-1.1640181048360043
15059,-1.003991498503574,-1.0915222288132722
15060,-1.2068232436512791,-1.236390093049684
15061,-1.0606215415998947,-1.146522027754958
15062,-0.9850365801375042,-1.0144537096786905
15063,-1.3805463637492454,-1.4926716761620973
15064,-1.1651621341705325,-1.2900714197383965
15065,-0.6529582997625188,-0.6711390095100618
15066,-1.211760104164597,-1.2302268838301744
15067,-0.8911805226821308,-0.9797436969507587
15068,-0.9995041910068008,-0.9453628523271826
15069,-0.8942613878915476,-0.973290604902086
15070,-1.0906761219335157,-1.1372224532506796
15071,-1.1801840224007305,-1.1949119625105908
15072,-1.0235396309416422,-1.0975344634536612
15073,-0.9592636232228242,-0.9714102881001998
15074,-1.0679404883421668,-1.1256650870309008
15075,-0.8551316788766237,-0.9023824149701761
15076,-1.3592174764751463,-1.3530021022104217
15077,-0.9545639836510946,-1.0203868565190606
15078,-1.0265395789183387,-1.1530866247850413
15079,-1.0353267000893416,-0.9840286104061181
15080,-1.0782395970913792,-1.0260883641103535
15081,-0.8694450578024221,-0.9191164619812346
15082,-0.9872041765109512,-1.186281521452424
15083,-1.4112500192583068,-1.4193914260157308
15084,-0.6898940554204976,-0.6710427024287244
15085,-1.133995252062184,-1.1359798227142448
15086,-0.8816435050594714,-0.8866200686820616
15087,-0.9927324075107428,-0.9340427128193919
15088,-1.0752177164536114,-1.0270507439961536
15089,-0.8285385712172634,-0.8818588368174415
15090,-1.1036856516387112,-1.0578796735678626
15091,-1.1768959409506743,-1.2491713696663995
15092,-0.9096973524537196,-0.9028382117452441
15093,-0.7555941213933073,-0.7805464434402123
15094,-0.6413871457305136,-0.6720387609491996
15095,-0.8603284100229426,-0.7421837946842421
15096,-0.7933144412299459,-0.7092673702291559
15097,-0.7679169547650241,-0.8009655187789145
15098,-1.069864736046902,-1.140894922669142
15099,-1.0704310152881829,-1.1205210281007243
15100,-2.4824335434857536,-1.9735032593502595
15101,-1.3673697395842204,-1.1354751039524744
15102,-1.1008641063704971,-0.9639198338724729
15103,-1.4318681213590834,-1.2190120805934153
15104,-1.3386323780849063,-1.2107170731172627
15105,-0.7914972120477247,-0.7614677592189621
15106,-1.2463819883307632,-1.0359027047562168
15107,-1.0078824074693429,-0.9627503047751731
15108,-0.6556552851846976,-0.5437852769502329
15109,-0.7464329519389589,-0.39468529000991404
15110,-0.8472447758629209,-0.6912438091756522
15111,-1.25915234486262,-0.8842356325691847
15112,-2.2479216030665805,-2.411991275124318
15113,-0.9498815434847692,-0.8192296553812437
15114,-0.6814787574112415,-0.4638853825588224
15115,-1.5845510297351413,-1.3993796111306918
15116,-0.9481267223755518,-0.8078762402865471
15117,-1.246760508810827,-1.1411881040347458
15118,-1.2147177718151574,-1.1014788045039463
15119,-2.482184193351052,-2.015093988549165
15120,-1.3988438317408929,-1.162223825834153
15121,-0.668922038041344,-0.611392043749182
15122,-0.9325166591783848,-0.8537669700513314
15123,-1.080615150836087,-1.0006803725132905
15124,-0.9960059103115584,-0.8618608956023942
15125,-0.4479202004366143,-0.45787701808096876
15126,-0.6982017487518547,-0.655554595794488
15127,-2.442289839620176,-2.015603871850447
15128,-2.207043994040716,-1.5890162731287416
15129,-1.1617926712389346,-1.0353984679179336
15130,-0.7047871854156256,-0.6082853022598954
15131,-1.5461696960307934,-1.2234834464963387
15132,-1.2136968160048127,-1.1196465840399106
15133,-0.6911668032407761,-0.5666544532901558
15134,-1.1707439635151116,-1.0159283954664085
15135,-0.9177205738171128,-0.7500899005751916
15136,-0.9354857057332993,-0.8516701493540303
15137,-1.1421573393104612,-1.1504631546297237
15138,-0.6376719718842995,-0.5999444961943248
15139,-1.4935355648513913,-1.3086441149245125
15140,-0.6409707546234131,-0.6730746038734067
15141,-0.6734974763190099,-0.4849945135568497
15142,-1.1158591102260027,-1.0477651767898537
15143,-1.4397709378900454,-1.2987653934679018
15144,-1.2998041827231646,-0.9932989145451628
15145,-0.9400701634585856,-0.8214428208212398
15146,-1.2565463142118591,-0.8107396970951569
15147,-0.7708911369013232,-0.6373000994052309
15148,-1.163081786462239,-1.1505913719409118
15149,-0.4453050876731303,-0.3750141365821159
15150,-0.8475452801212668,-0.6209441838065295
15151,-1.5117135925810463,-1.5877969163783368
15152,-0.9004341613414676,-0.8165445329573153
15153,-0.8447012411531551,-0.673041437603595
15154,-1.1225786739960313,-0.9939613275845985
15155,-0.6317923012233916,-0.6168597177397793
15156,-1.0872391360674718,-0.7808328136782687
15157,-1.065223539522452,-0.9148654530513736
15158,-1.028305565007031,-0.8315160310036093
15159,-0.8059052854776383,-0.813182513423302
15160,-1.2115424612695858,-1.1741773883162097
15161,-1.0435342518612742,-1.005872972142516
15162,-1.2080108016729354,-1.06194025233937
15163,-0.9725818373262882,-0.8516455027585473
15164,-1.005769159243657,-0.757515018287304
15165,-0.4989693704833332,-0.3786606425908155
15166,-0.7633454559385314,-0.6864967177121832
15167,-1.0395924333454103,-0.9445229875730055
15168,-0.7593064677807712,-0.7173959367951895
15169,-0.9008511360301528,-0.6348059214936
15170,-0.5281384435911027,-0.3597028790140357
15171,-0.6325922603755034,-0.5103914149204841
15172,-0.8904824755629714,-0.6583754880983295
15173,-0.828101503662765,-0.704490133125732
15174,-1.1269692456827751,-1.0552399478759986
15175,-2.116794335214715,-1.5353239908563312
15176,-1.4226846933364867,-1.1591573067517873
15177,-0.9625024322479492,-0.8878898498817356
15178,-2.032961278250723,-1.6692909563974663
15179,-0.6069274620576338,-0.5241463326642873
15180,-0.731672157612882,-0.5689647471423388
15181,-0.6547145298285078,-0.6498728676160063
15182,-1.6820914542028147,-1.5981708969852877
15183,-0.5827789263291793,-0.434046409758224
15184,-0.5547589349746704,-0.5213960070850573
15185,-1.1540176942366962,-0.9200327986682242
15186,-3.27372317654746,-2.7446694494292445
15187,-1.0049064345657823,-0.741766314057509
15188,-0.9783159901005352,-0.8437293768069272
15189,-0.9886502399357088,-0.8747816411097866
15190,-1.94830190098804,-1.736290197113333
15191,-1.494743589432009,-1.2153502694429823
15192,-0.7574296534061432,-0.7339952939144784
15193,-0.45642864047073,-0.336935458478216
15194,-0.8850675377734872,-0.864766599961742
15195,-0.7361952057108283,-0.5951004596434845
15196,-1.1019521951675415,-0.9748805458289489
15197,-0.5217667041822921,-0.4927286140751318
15198,-0.890459748916328,-0.6809367551588391
15199,-0.9701299362404402,-0.8539821561624139
15200,-0.8117157876953598,-0.8525271400107215
15201,-1.029769334299811,-1.1340714650092993
15202,-1.1741770967956662,-1.182026771794413
15203,-1.184646345848261,-1.1924770499186688
15204,-0.991463581720988,-1.0339736925508112
15205,-0.8932526056156602,-0.962936427979274
15206,-0.6711947455886722,-0.7048977245917184
15207,-0.9383085273032964,-0.9840081875785277
15208,-1.3216336660606915,-1.4014923378770552
15209,-1.106448968251546,-1.1438660560012568
15210,-1.196079698643943,-1.1624063295250702
15211,-1.1713650069393955,-1.034729384743953
15212,-2.279670068195888,-2.41184745109544
15213,-1.3523602944905642,-1.4432784759378536
15214,-0.7191900689472523,-0.8184625629538079
15215,-1.0910572474822402,-1.1185225569944262
15216,-1.0637816606565964,-1.0941660482479134
15217,-1.0626970982366757,-1.079462103678925
15218,-1.026285636332608,-1.0151547070502096
15219,-1.20550084206485,-1.1448576966189463
15220,-0.929954309796178,-1.000662860377713
15221,-0.8826508078464242,-0.9260723939803596
15222,-0.8842122065004452,-0.8309174057563586
15223,-1.1501912275950117,-1.223652874154992
15224,-0.938475720642149,-0.9064022170343331
15225,-0.3579871348845653,-0.3824109764900039
15226,-0.933886684188547,-0.9385149590692511
15227,-1.1274744170580724,-1.0933234816171586
15228,-0.984317284221797,-0.9870142819566733
15229,-1.211443543434143,-1.2282729144123792
15230,-1.248653813850048,-1.3309791876143064
15231,-1.161238240641217,-1.1971210118445297
15232,-1.4313295968743258,-1.433691032001037
15233,-0.8028340894122457,-0.8076831578984887
15234,-1.0495345093483148,-1.065434699125281
15235,-0.9829868891442468,-0.9840727021118689
15236,-0.8809911588827769,-0.9495209030496288
15237,-1.164776700411656,-1.1847403093939082
15238,-0.8246082843736161,-0.9209017458134193
15239,-1.0392299816589947,-0.9730194585949883
15240,-0.648758002427908,-0.676534901556967
15241,-1.0136840528295945,-1.009466921472555
15242,-1.0092075517935346,-1.0867477318318854
15243,-1.329847016075785,-1.2704760665086023
15244,-0.8827765320622644,-1.0304089329160364
15245,-0.9070122260455936,-0.9229085447936338
15246,-0.8514147978129349,-0.8076811618940185
15247,-1.183405079582865,-1.291783247644887
15248,-0.9692250711973324,-0.999150181569904
15249,-0.867989085441412,-0.9145656309664936
15250,-1.0575218727422315,-1.0449845078435198
15251,-1.152085163796595,-1.262348449862371
15252,-1.1230679232944814,-1.193125636856333
15253,-1.3321490075237068,-1.3106704937437959
15254,-1.028764666512955,-1.2459383960137307
15255,-0.7201801751011102,-0.7336419406828565
15256,-1.072753299114316,-1.062701007503034
15257,-0.9240429881931276,-0.890951547970749
15258,-1.091693171235018,-1.1640183058117348
15259,-0.9759681677633478,-1.0915222814141747
15260,-1.1892116762870966,-1.236390103901791
15261,-1.0461955634198448,-1.1465221189812511
15262,-0.975786473399909,-1.0144536919214422
15263,-1.378103304278943,-1.4926717489102272
15264,-1.1613741388687722,-1.290071327773349
15265,-0.6541094900101654,-0.671139164280925
15266,-1.2241165490113488,-1.2302270335508823
15267,-0.8850982142973316,-0.9797437167493904
15268,-0.9711581163628156,-0.9453628661217806
15269,-0.8940679500269335,-0.9732907820999606
15270,-1.0968783825866937,-1.13722252204873
15271,-1.1928866898366648,-1.1949119446822885
15272,-1.0187496991120568,-1.097534514131144
15273,-0.9622053480887598,-0.9714103847870471
15274,-1.0712512177090312,-1.1256651272296436
15275,-0.8356170137371637,-0.902382422161958
15276,-1.3431973244792732,-1.3530022119243372
15277,-0.9623016257618748,-1.0203870394391812
15278,-1.0524285699045934,-1.1530865376703023
15279,-1.02806058879626,-0.984028654902657
15280,-1.057180854701257,-1.0260883638405016
15281,-0.8580345294272252,-0.9191165514347216
15282,-0.9940069534981898,-1.1862815971409193
15283,-1.3878342744915984,-1.419391362865915
15284,-0.699674019273722,-0.6710427960820555
15285,-1.1114303012226905,-1.135979807222832
15286,-0.8595017619835313,-0.8866201521711095
15287,-0.9496217476305112,-0.9340426362378353
15288,-1.0945310999256697,-1.0270507609681292
15289,-0.8065384007239527,-0.8818588371838398
15290,-1.0754304745400598,-1.0578795719286382
15291,-1.1703606927117636,-1.2491713327924852
15292,-0.8772339940995209,-0.9028381305349457
15293,-0.7487392841383468,-0.7805464880234377
15294,-0.680413686776463,-0.67203875092035
15295,-0.8202129445334737,-0.742183700288453
15296,-0.7439244911652203,-0.7092672523051695
15297,-0.7373035813486853,-0.8009654567587914
15298,-1.082882742549098,-1.1408949934094414
15299,-1.060522117355997,-1.1205210515276371
15300,-2.3863985117743995,-1.9735032990148398
15301,-1.2878921420075171,-1.1354746731557452
15302,-1.0915896448978155,-0.9639197373269773
15303,-1.370050729645623,-1.2190115927613978
15304,-1.3057148908746654,-1.21071759190207
15305,-0.7966954172119614,-0.7614678005018417
15306,-1.1825344513873666,-1.035902676160543
15307,-0.980986892714981,-0.9627500722593675
15308,-0.6702009162237478,-0.5437852005762932
15309,-0.6638962457209457,-0.3946852087551932
15310,-0.8054145438330514,-0.6912438714052799
15311,-1.0972350319226585,-0.8842357779424642
15312,-2.279670068195888,-2.4119917611770023
15313,-0.8902146603709967,-0.8192294762113355
15314,-0.6358310878276825,-0.4638853065244134
15315,-1.5864356656869252,-1.3993797836541997
15316,-0.923376566171646,-0.8078761716076747
15317,-1.185415695804034,-1.1411879008973622
15318,-1.137205792569566,-1.101478808814757
15319,-2.121766502206976,-2.0150932951636893
15320,-1.3578258844522328,-1.1622235232502551
15321,-0.621380282926929,-0.6113917066141864
15322,-0.8854835934755279,-0.8537667016050572
15323,-1.0785369678985242,-1.0006801389377737
15324,-0.9495590620262678,-0.8618608480665082
15325,-0.4369282944257869,-0.457877056007261
15326,-0.6518829423327779,-0.6555544207051693
15327,-2.078694053318189,-2.0156034600728185
15328,-2.0217845156079246,-1.589016175854006
15329,-1.1151099337471857,-1.0353984785328019
15330,-0.6657973658293486,-0.6082851143392416
15331,-1.5407327192801017,-1.22348370724547
15332,-1.1923492094501853,-1.1196463738336948
15333,-0.6768622919917107,-0.5666544064054992
15334,-1.1433993651885397,-1.0159281449067885
15335,-0.8594573283380316,-0.7500897060916759
15336,-0.9197098070924932,-0.8516701745684567
15337,-1.086385168770487,-1.1504631414203477
15338,-0.6324433726588572,-0.5999444498828946
15339,-1.4309852345045222,-1.3086440580540841
15340,-0.644038853278527,-0.673074657858058
15341,-0.5987433962119643,-0.4849943392740909
15342,-1.0962679395379946,-1.0477650357918287
15343,-1.3754272276116897,-1.2987653041216145
15344,-1.2076703868806362,-0.9932984986103319
15345,-0.8971588406711817,-0.8214427365288729
15346,-1.2162940502166748,-0.8107394138834128
15347,-0.6895957011585088,-0.6372998011593303
15348,-1.2068871898310525,-1.1505917918633755
15349,-0.4148487706682575,-0.37501403654708426
15350,-0.8248410923406482,-0.6209441230955565
15351,-1.4467521804247716,-1.5877968189050118
15352,-0.8638578034186548,-0.8165443460962121
15353,-0.7928275877191114,-0.6730412369297564
15354,-1.114585773088038,-0.9939612377511682
15355,-0.6008335616853502,-0.6168598770592654
15356,-1.0445075201433758,-0.780832733496811
15357,-1.0088577926620956,-0.9148653241883576
15358,-0.9859002390876412,-0.8315156707654965
15359,-0.7905701498190562,-0.813182573867587
15360,-1.192959650542385,-1.1741772336514196
15361,-1.0037061125040054,-1.005872769894954
15362,-1.115626659989357,-1.061940142625591
15363,-0.9466710099950432,-0.8516453837115162
15364,-0.9170669271395756,-0.7575143976814136
15365,-0.4725360962060781,-0.37866066804884413
15366,-0.7454442432684492,-0.6864966719450899
15367,-0.9660792507866556,-0.9445228728502821
15368,-0.7636398733124252,-0.7173958408256079
15369,-0.8413017415261084,-0.6348056019729535
15370,-0.4683377581929404,-0.35970277804315653
15371,-0.5827351041542467,-0.5103912707849032
15372,-0.815443928144416,-0.65837535454435
15373,-0.7716804947704077,-0.7044901034253386
15374,-1.087345305797273,-1.0552398597032049
15375,-1.9719902904410112,-1.5353236373768022
15376,-1.409364685259367,-1.1591574032561134
15377,-0.9138842480523246,-0.8878897097795486
15378,-2.087310942736539,-1.6692901630462607
15379,-0.5520030823620883,-0.5241463737025825
15380,-0.6353646322738292,-0.5689644345910919
15381,-0.6399349454761476,-0.6498729936986973
15382,-1.6380696509235588,-1.5981704844727451
15383,-0.558790711923079,-0.434046389479469
15384,-0.5531335210800171,-0.521396100921894
15385,-1.060439378716225,-0.9200324119094931
15386,-3.136392337935312,-2.744668580500111
15387,-0.965591674670577,-0.7417661341830399
15388,-0.9323779862056408,-0.8437291660651579
15389,-0.9342212983227652,-0.8747815512853467
15390,-1.8278740177983823,-1.7362898891242295
15391,-1.4553476014444906,-1.215350036039952
15392,-0.7751970320940018,-0.7339953629071412
15393,-0.4267112945947121,-0.33693532241192153
15394,-0.9031929720279782,-0.8647666271756583
15395,-0.7200512634590268,-0.5951003264370914
15396,-1.0765943333160046,-0.97488050230712
15397,-0.5029530765474305,-0.4927285058223611
15398,-0.8521971916779876,-0.6809367039441014
15399,-0.9382625402406204,-0.8539819468139874
15400,-0.8360811370287755,-0.8153649256693806
15401,-1.0302289590753355,-1.0966828256981356
15402,-1.1774181062861009,-1.1608060894860726
15403,-1.2190196005872975,-1.2021435029479373
15404,-1.0218074164649311,-1.039154130368824
15405,-0.9629148900970932,-0.9851971965312937
15406,-0.7151169019152027,-0.7054189762118487
15407,-1.0930737617403965,-1.1670492257444591
15408,-1.4076594724211582,-1.4334774437825033
15409,-1.1041391283966775,-1.1117785781302747
15410,-1.36202334433563,-1.2887698811485562
15411,-1.827519377509316,-1.7000791667823072
15412,-2.1575991937092374,-2.092524945099104
15413,-1.438326937253358,-1.4368729376227818
15414,-0.7976455623789351,-0.8591783034192871
15415,-1.1001967266201973,-1.1120153089651093
15416,-1.086694133374118,-1.0753919708467152
15417,-1.1487415409827415,-1.180876713811216
15418,-1.0405733677767968,-1.0310873365675255
15419,-1.2227529730907707,-1.153218714236121
15420,-0.9837085110272548,-1.0370758417591421
15421,-1.0135393253592555,-1.025463634281308
15422,-0.9978759002315906,-1.0236248770521894
15423,-1.3104706383490747,-1.2954903746233324
15424,-1.2306566931480585,-1.2432152869649051
15425,-0.3747228343262632,-0.3702237627836981
15426,-1.0928623038668963,-1.1200331516571154
15427,-1.2116033883057824,-1.1838016431258804
15428,-1.0078483588935794,-1.016123499592895
15429,-1.2236602269401846,-1.272549352412278
15430,-1.314034569171048,-1.3632886769452575
15431,-1.2703124820724014,-1.2962247099240396
15432,-1.479255007218945,-1.5178156387562365
15433,-0.9356523345607196,-0.9688051777374783
15434,-1.0590315059173938,-1.1039911464149388
15435,-1.0828894589298454,-1.1084332875911072
15436,-0.92749844789505,-0.9627942574672794
15437,-1.1244957548703334,-1.1836431971863013
15438,-0.8362424678580705,-0.8714143101378602
15439,-1.1046141413755195,-1.0519050491677537
15440,-0.6453236864163325,-0.6493863444176068
15441,-1.081418087316114,-1.1090915613828038
15442,-1.2488755329634793,-1.334299753422923
15443,-1.4145942538283591,-1.5101410001959883
15444,-0.9827296114707178,-1.1206587601501108
15445,-0.9504539680111316,-0.9643282428718456
15446,-1.0479627218772107,-1.0846105424446524
15447,-1.3360791612965193,-1.3969164935666663
15448,-1.0951327602992686,-1.059687763501946
15449,-0.9319253596224526,-0.9549577458134114
15450,-1.1871249620304551,-1.1832611843548577
15451,-1.28474256049755,-1.3055173788989325
15452,-1.1317307653353197,-1.1265844339124451
15453,-1.442511991937031,-1.4259659042700261
15454,-1.0848953936451164,-1.1356974644653217
15455,-0.7898340982984203,-0.7565802686461877
15456,-1.1967537606409353,-1.1960729059554558
15457,-1.1299406336259472,-1.1692177958649201
15458,-1.2246607800786808,-1.2982115392701286
15459,-1.0465498026027236,-1.0910934495256284
15460,-1.3968368500702142,-1.3764012386173503
15461,-1.14793668421664,-1.1833990149844569
15462,-0.9768869996994964,-0.9582867798612899
15463,-1.5350095375563748,-1.5960692312026346
15464,-1.1946606085850642,-1.2228525824843126
15465,-0.6413512294606645,-0.6269479983390207
15466,-1.2493533182513803,-1.2358956821609912
15467,-0.911074956258138,-0.9359529583190174
15468,-1.0721927548563757,-1.0679210671943162
15469,-0.9327051584110704,-0.9942991623645637
15470,-1.0487795393596324,-1.060169173247944
15471,-1.2896051674850226,-1.3403514131577443
15472,-1.130199400029441,-1.1169986081342949
15473,-1.0045877676601558,-1.0361425611742021
15474,-1.2099362103513969,-1.2577294433772195
15475,-0.8862562211213914,-0.940527983661933
15476,-1.4826738446257834,-1.5019217221186605
15477,-1.0051320347675057,-1.049426879083514
15478,-1.1066380203232284,-1.18628273153833
15479,-1.1736043105691163,-1.126341861398237
15480,-1.0972519133442131,-1.0569493797838947
15481,-0.9176274399424708,-0.9541846589834942
15482,-1.093534365180851,-1.126472401814959
15483,-1.3730194097341493,-1.3463573542185492
15484,-0.7131702270147935,-0.686062378312664
15485,-1.150966353194658,-1.1763396570951925
15486,-0.9660689202389976,-0.9665593116226682
15487,-0.9700539472491242,-0.9128876838485837
15488,-1.078120240869448,-1.0189814737806335
15489,-0.9405159192491872,-0.9106119027342319
15490,-1.1541116524112316,-1.1007904565470912
15491,-1.1791274944941204,-1.2458780456028986
15492,-0.9529476128807364,-0.9042114902853393
15493,-0.7923656803692958,-0.8213650156423752
15494,-0.6073381146298179,-0.5911541284099847
15495,-0.9941193558448967,-0.9800969338073496
15496,-0.9586736167124076,-0.9900309408746043
15497,-0.8663031602090643,-0.8793052696671918
15498,-1.13882128490034,-1.1732356772484573
15499,-1.0677690404330114,-1.100631868479659
15500,-2.289326906204224,-2.045686103564866
15501,-1.2113434168719506,-1.0518648538775515
15502,-1.0089934491371924,-0.9358760965701386
15503,-1.3665380001068117,-1.215351053597925
15504,-1.4074477656134243,-1.1411300912071771
15505,-0.7903022331784862,-0.7343654641287072
15506,-1.2173930747168404,-1.097108188910017
15507,-0.969481438629387,-0.9464415662087242
15508,-0.6545816475106764,-0.6234224283341907
15509,-0.6766956470630787,-0.5327366624080774
15510,-0.8471321242196219,-0.792226846340468
15511,-1.147263507048289,-0.8571547777119786
15512,-2.156918270247324,-2.093248973764201
15513,-0.836433349653732,-0.6979228006350353
15514,-0.7157468199729919,-0.6351662704548983
15515,-1.5783644848399692,-1.4436217465994352
15516,-0.9125270823637645,-0.8287566776662189
15517,-1.196835771087528,-1.16360242476819
15518,-1.1089886248796836,-1.024099428629037
15519,-2.156809725544669,-1.7543328851015902
15520,-1.3354624922458942,-1.1616458521931088
15521,-0.6394710060237914,-0.6085447248638849
15522,-0.8209421634674072,-0.679048219067829
15523,-1.0272399944852488,-0.9345423813756579
15524,-0.8276255537373151,-0.738022266028569
15525,-0.4477703719176063,-0.4444763577677256
15526,-0.6582878375238226,-0.5937727958875922
15527,-2.03640411729398,-1.6598258039699907
15528,-2.0951859951019287,-1.75789624947579
15529,-1.1141977928302906,-1.139904509235874
15530,-0.6564693693071604,-0.614802723484688
15531,-1.543452885415819,-1.4687656948177388
15532,-1.1258442709222436,-1.0759386983959052
15533,-0.6385904559865594,-0.560845652771513
15534,-1.0331477675327034,-0.9329238377104521
15535,-0.9014134776684664,-0.7820050062218774
15536,-0.8997553505680778,-0.8145416413890211
15537,-1.0952331511549247,-1.0349357142061606
15538,-0.6173522603793407,-0.5856671618684471
15539,-1.4260701403137326,-1.3534060295104722
15540,-0.6448157979891851,-0.6482710018417428
15541,-0.577277798061223,-0.49597210214702814
15542,-1.0467380941376203,-0.9565210932839003
15543,-1.3155171593954398,-1.2801018109602782
15544,-1.1754550486803057,-1.029563542175846
15545,-0.903379974886775,-0.8104067948090383
15546,-1.2171773875969043,-0.9257870987512206
15547,-0.6897519216981045,-0.5675567932900899
15548,-1.146980264357158,-1.1969548051884746
15549,-0.4436547898534518,-0.3872466821482199
15550,-0.8274828447028995,-0.6655936712890749
15551,-1.394913086595461,-1.401431432943703
15552,-0.896213598953661,-0.8255104640670563
15553,-0.7545954802239588,-0.6256320181987048
15554,-1.0759241478517652,-1.0074903476976453
15555,-0.6407117029977223,-0.6218666085070629
15556,-1.123258732086004,-0.9715950321149862
15557,-1.0221241074939107,-0.9334708954507489
15558,-0.98863507155329,-0.9050121180846323
15559,-0.8141320715347926,-0.7996078782575392
15560,-1.1084674079288808,-1.0813501561619343
15561,-0.9855757635086776,-0.9447250199059501
15562,-1.097359076142311,-0.9894684284019885
15563,-0.90384441614151,-0.8621410778857928
15564,-0.8847083917030921,-0.8143051539413049
15565,-0.4744257682409042,-0.37897424597381846
15566,-0.7236018679862799,-0.6921506765319693
15567,-1.0004597153774528,-0.9237025229576299
15568,-0.728637178738912,-0.7106937473452097
15569,-0.7984513654265293,-0.658210482528854
15570,-0.5107435934127323,-0.44179727396678864
15571,-0.5910511488138244,-0.5253645653079765
15572,-0.8290541403147639,-0.7698997364631364
15573,-0.790057560428977,-0.7682124525734207
15574,-1.08208315456863,-1.1107295077720323
15575,-2.041972336016203,-1.6437290102308928
15576,-1.2785388670469586,-1.195496914453031
15577,-0.8809045912727477,-0.7952917469100607
15578,-1.902896082762516,-1.6430722706893939
15579,-0.6236925298517401,-0.5570409332699937
15580,-0.7144679154536521,-0.6597372911401282
15581,-0.657938002615936,-0.6369946153783828
15582,-1.6028161889822907,-1.4781060412164853
15583,-0.5483719197186556,-0.418136988502931
15584,-0.5309948794047038,-0.48459258742837297
15585,-1.1217669655186262,-1.044705024475332
15586,-2.8710471448444186,-2.469365121355589
15587,-0.970949781127274,-0.8689072729654181
15588,-0.9433336775432262,-0.8342538581188321
15589,-0.9503057484233052,-0.8914487400838622
15590,-1.836918390315512,-1.6298202811321627
15591,-1.384663514552578,-1.1955033577862564
15592,-0.7057301521301269,-0.6482883636972088
15593,-0.4307997170395738,-0.37996232423491866
15594,-0.8937675952911377,-0.8969038270869437
15595,-0.7049263706430793,-0.5779999416514466
15596,-1.0770291542822077,-1.0333694940713483
15597,-0.4714793733848157,-0.42600524204886286
15598,-0.8425974063575268,-0.7363029446479006
15599,-0.8313788314198338,-0.8326370420320895
15600,-0.8217182907947275,-0.815364739486156
15601,-1.0291145536406288,-1.0966843025075608
15602,-1.166027819463449,-1.1608068364059092
15603,-1.2358841757441676,-1.202145781803348
15604,-1.0399542067402092,-1.039156563288635
15605,-0.953637632288674,-0.9851980885350309
15606,-0.7059745576030524,-0.7054207772370924
15607,-1.0528677443201229,-1.1670494425770113
15608,-1.385436797326849,-1.4334774909142167
15609,-1.0818618443585182,-1.1117811748892306
15610,-1.327250641445781,-1.2887720041383235
15611,-1.8241016995775832,-1.7000781571013606
15612,-2.184122698647635,-2.0925327271556684
15613,-1.4054630574632865,-1.4368753099656522
15614,-0.7988699637642203,-0.8591790082386145
15615,-1.1116908052936196,-1.1120157804941784
15616,-1.0815664437390111,-1.0753930461573504
15617,-1.1435714535010877,-1.1808773674927242
15618,-1.050529684207236,-1.0310890761281748
15619,-1.213037327278492,-1.1532186345902877
15620,-0.9715236591738324,-1.037080041212589
15621,-0.9809738850408748,-1.0254654558371008
15622,-1.018189279608024,-1.0236273656517934
15623,-1.3054501917935155,-1.295490535545635
15624,-1.195715067922607,-1.243216165942754
15625,-0.3620016819391495,-0.3702246543339804
15626,-1.0532157689101935,-1.1200319166681945
15627,-1.2041071560955787,-1.183802568432786
15628,-1.0131250638370366,-1.0161257023348056
15629,-1.2552414236142653,-1.2725540737953804
15630,-1.2966375156890515,-1.3632897097315952
15631,-1.2598420205966447,-1.296226644678888
15632,-1.4816830592562062,-1.5178164233657132
15633,-0.9121645568877228,-0.9688065656822028
15634,-1.0558903466823488,-1.1039925373391735
15635,-1.0449763111365855,-1.1084337216729094
15636,-0.9143291374047596,-0.9627969340942887
15637,-1.1385122167971706,-1.1836443890589068
15638,-0.8420821215755255,-0.8714142830161095
15639,-1.0423244921736017,-1.0519030461773855
15640,-0.6481859729840205,-0.6493872005987691
15641,-1.072679221168045,-1.109094189095838
15642,-1.211272999297741,-1.3342982658344253
15643,-1.3931383439736773,-1.5101405482354517
15644,-0.9621098725370658,-1.1206594931053215
15645,-0.9588214852089104,-0.9643305906899939
15646,-1.0466567794169028,-1.084613110420145
15647,-1.308197631392368,-1.396916150118235
15648,-1.0697174099988715,-1.0596890589318164
15649,-0.940250456795212,-0.954960510968195
15650,-1.1703937284706174,-1.183261558329351
15651,-1.274792803350345,-1.3055198730275146
15652,-1.1110543705696283,-1.1265850782293445
15653,-1.423167066980702,-1.4259646463835418
15654,-1.0371208116989727,-1.1356954331165405
15655,-0.7553836384484934,-0.7565816036978701
15656,-1.1572338037712628,-1.1960727395774122
15657,-1.1226894319519516,-1.1692175927145712
15658,-1.2189124905785849,-1.2982148160586202
15659,-1.0327464046404344,-1.091094307151731
15660,-1.3640787490578583,-1.3764014155544315
15661,-1.1423590709996778,-1.1834005023743381
15662,-0.9687610966290614,-0.9582864903400271
15663,-1.526955290358196,-1.5960704173171703
15664,-1.1952125925284165,-1.2228510830494892
15665,-0.6400694773178692,-0.6269505217849235
15666,-1.2567179905351742,-1.2358981232671444
15667,-0.8956254314082538,-0.935953281123807
15668,-1.0468172657397363,-1.0679212921069443
15669,-0.878128682920175,-0.9943020514694068
15670,-1.0605948377949324,-1.0601702949588032
15671,-1.2773973673813104,-1.3403511224779887
15672,-1.104394604993421,-1.1169994344001906
15673,-0.9946223432703536,-1.0361441375951355
15674,-1.198543289835139,-1.2577300987935602
15675,-0.8753780495803968,-0.9405281009196133
15676,-1.4757084606229798,-1.5019235109381124
15677,-1.0055243867312291,-1.0494298614861384
15678,-1.1135185245395631,-1.1862813111848713
15679,-1.1642257692450184,-1.1263425868875592
15680,-1.0718550395595936,-1.0569493753841233
15681,-0.9200258042461188,-0.9541861174688336
15682,-1.093880158986232,-1.126473635870383
15683,-1.363917259282844,-1.3463563245987558
15684,-0.7175867467556359,-0.6860639052739389
15685,-1.1295543003451916,-1.1763394045170188
15686,-0.9422951668731926,-0.9665606728614152
15687,-0.9263541994168776,-0.9128864352323323
15688,-1.074782972187959,-1.0189817504984937
15689,-0.9131097386973772,-0.9106119087081372
15690,-1.1299921958021415,-1.1007887993806238
15691,-1.157051408013632,-1.2458774443958849
15692,-0.9363317221634148,-0.9042101662002323
15693,-0.7849859830945037,-0.8213657425450707
15694,-0.6451266445691073,-0.5911539648956214
15695,-0.9505624207415322,-0.9800953947407424
15696,-0.9064271440801694,-0.9900290181948836
15697,-0.8318884576013846,-0.8793042584663602
15698,-1.1259936057319937,-1.17323683062652
15699,-1.044228047363518,-1.1006322504413937
15700,-2.2258142162771786,-2.045686750272006
15701,-1.148331597793934,-1.0518578299958046
15702,-0.9806675328764805,-0.9358745224538598
15703,-1.302769406636556,-1.2153430997900867
15704,-1.3541509652959889,-1.1411385496816562
15705,-0.7875431914662205,-0.7343661372212461
15706,-1.1742237490050649,-1.0971077226747437
15707,-0.9458765604699304,-0.9464377751782643
15708,-0.6564267550327981,-0.6234211831030055
15709,-0.6147904528511895,-0.5327353375986901
15710,-0.814660204024542,-0.7922278609571443
15711,-1.065066103140513,-0.8571571479359276
15712,-2.1822065796170915,-2.093256898561087
15713,-0.7818190533985463,-0.6979198793773694
15714,-0.6904961466789246,-0.6351650307595588
15715,-1.5863158967759874,-1.4436245594915396
15716,-0.8901688734690348,-0.8287555578984797
15717,-1.151080150936925,-1.163599112735242
15718,-1.0759983597130611,-1.0240994989142114
15719,-1.9402531060305508,-1.754321579868153
15720,-1.2674297369443452,-1.1616409187445151
15721,-0.6115111472994782,-0.6085392280804123
15722,-0.7716720147830683,-0.6790438422126739
15723,-1.035984809084456,-0.9345385730672455
15724,-0.7997025935224784,-0.7380214909845193
15725,-0.4371818840041641,-0.4444769761331256
15726,-0.6250285917474317,-0.5937699411614847
15727,-1.796921071798905,-1.6598190901832561
15728,-1.9771131560915995,-1.7578946634696937
15729,-1.0629158329080652,-1.1399046823049217
15730,-0.6240138933062553,-0.614799659551373
15731,-1.656880467026322,-1.4687699461756083
15732,-1.1110712364315989,-1.0759352711098997
15733,-0.6146437311545014,-0.5608448883453676
15734,-1.0016930214194364,-0.932919752486444
15735,-0.8436618368755016,-0.7820018352850444
15736,-0.890295768325979,-0.8145420524950893
15737,-1.0805172744647478,-1.0349354988352224
15738,-0.6132656889637624,-0.5856664067884129
15739,-1.3923592022223066,-1.3534051022723195
15740,-0.6443403675005986,-0.6482718820290362
15741,-0.5307496721430343,-0.49596926057139556
15742,-1.0468106131220971,-0.9565187943958465
15743,-1.2877785069073815,-1.2801003542227631
15744,-1.1253304546698928,-1.0295567606084188
15745,-0.8765215445309877,-0.8104054204726586
15746,-1.196255958598593,-0.9257824811539516
15747,-0.6277287838070892,-0.5675519305699345
15748,-1.1832582652568815,-1.1969616517718575
15749,-0.4141528926678557,-0.3872450511371531
15750,-0.7976536229252815,-0.6655926814331484
15751,-1.3762598943340687,-1.4014298436997255
15752,-0.8612053292666295,-0.8255074174090788
15753,-0.7348341230274171,-0.6256287463323766
15754,-1.0633477624505758,-1.0074888830175548
15755,-0.6131663417059278,-0.6218692061155269
15756,-1.094123076098834,-0.9715937248045087
15757,-0.983451295268628,-0.9334687944167245
15758,-0.9507650574669242,-0.9050062446187176
15759,-0.8004834294319153,-0.7996088637652764
15760,-1.0912708598513936,-1.0813476344454915
15761,-0.9523955751210452,-0.9447217223810116
15762,-1.0319274321198464,-0.9894666395847623
15763,-0.881945850327611,-0.8621391368955009
15764,-0.845019923723661,-0.8142950353352663
15765,-0.46126083838634,-0.37897466105167404
15766,-0.7149006525675455,-0.6921499303270194
15767,-0.951704465141592,-0.9237006524725792
15768,-0.7298195870347726,-0.7106921826188621
15769,-0.7445451039676518,-0.6582052729367549
15770,-0.4778875027384077,-0.4417956276972908
15771,-0.553883481395337,-0.5253622152639592
15772,-0.796370978258094,-0.7698975589457709
15773,-0.7496885908767581,-0.7682119683263553
15774,-1.0538893516084789,-1.1107280701676285
15775,-1.980825650064569,-1.643723246959623
15776,-1.2806210279464725,-1.1954984878980655
15777,-0.8604852055746411,-0.7952894626281085
15778,-1.9190441406134404,-1.6430593355748155
15779,-0.5917300419373945,-0.5570416023747311
15780,-0.6439249395400055,-0.6597321951799011
15781,-0.6523838191069373,-0.6369966710808804
15782,-1.558136452076047,-1.4780993154474151
15783,-0.5283254775134,-0.41813665787001875
15784,-0.5292855676015218,-0.484594117381597
15785,-1.0431220124858294,-1.0446987186066778
15786,-2.7475674833570207,-2.4693509539883185
15787,-0.9413033621385694,-0.8689043402203105
15788,-0.9093312191408734,-0.8342504221009457
15789,-0.925921763848821,-0.8914472755503559
15790,-1.713085055351257,-1.629815259554938
15791,-1.3473339119265155,-1.1954995522901297
15792,-0.7226408153772355,-0.6482894885811079
15793,-0.410418662499255,-0.3799601057557682
15794,-0.8986666341160618,-0.8969042707934939
15795,-0.6765353819355369,-0.5779977698012708
15796,-1.0626798507779145,-1.0333687844740855
15797,-0.4659848268641982,-0.42600347705250025
15798,-0.8074775189161301,-0.7363021096223842
15799,-0.8144764493602191,-0.8326336287318225
15800,-0.8423588922781537,-0.8793941274169803
15801,-1.040203915587787,-1.038701381834074
15802,-1.189612822939259,-1.201065704496024
15803,-1.2065021261688351,-1.2059291308548408
15804,-1.0117826997771744,-1.0374747265216917
15805,-0.9343647106673366,-0.9775543425434319
15806,-0.7082704508951468,-0.7226238780551486
15807,-1.0288143028584562,-1.0488774422219247
15808,-1.3885313124619714,-1.4271100386784672
15809,-1.1164183200791824,-1.1858127265013465
15810,-1.3933945580046303,-1.3795243384610159
15811,-1.855690876206199,-1.8066425039654685
15812,-2.3067934598241533,-2.3334259958494274
15813,-1.3981640934944153,-1.429714032861053
15814,-0.8122516602508781,-0.8396203237602569
15815,-1.1187082696706057,-1.1066488499442735
15816,-1.086903623832289,-1.0982770436185891
15817,-1.119408994682075,-1.1373448165504199
15818,-1.079321718031122,-1.1264887382817823
15819,-1.2121084983958754,-1.1829487744535894
15820,-0.9501057927922684,-1.0267311830545274
15821,-1.0286742587422215,-1.08220158744536
15822,-0.9946738527726756,-1.0213897225160622
15823,-1.3003860065179278,-1.3158202679582343
15824,-1.2224700266076614,-1.2450981127815344
15825,-0.3625880703966841,-0.3726122206092899
15826,-1.040848045386085,-1.0342998618611376
15827,-1.197646933008534,-1.1856732094318674
15828,-1.0292650738427804,-1.021509650449728
15829,-1.2171510162279588,-1.234705668703222
15830,-1.286346434622772,-1.317493188596819
15831,-1.226656473884287,-1.2721469522446625
15832,-1.4797167417614958,-1.5168263933763328
15833,-0.9052995036738788,-0.9358761905083669
15834,-1.0515228777892829,-1.0912731984481023
15835,-1.0171445534210797,-1.0466176785855947
15836,-0.917865197857221,-0.9735615064700444
15837,-1.105501410573028,-1.0878400938147412
15838,-0.8632053432538528,-0.8863677581151325
15839,-1.0856908689173617,-1.0907483867896617
15840,-0.6497812546216525,-0.6543008000422746
15841,-1.095631429391314,-1.1473209543745648
15842,-1.2090997954671696,-1.1903298199946875
15843,-1.4047053553337274,-1.4455162302160138
15844,-0.9609721372293872,-1.0563841152560802
15845,-0.9488563602284869,-0.9669429935534177
15846,-1.0446227141252653,-1.0837510135855886
15847,-1.2848245570825976,-1.31079087084886
15848,-1.064840045086173,-1.077947148672986
15849,-0.9379952730134477,-0.9727259578630906
15850,-1.162288788677186,-1.154400723849156
15851,-1.2832917714303778,-1.302969299853618
15852,-1.1142702093420105,-1.1467322804207023
15853,-1.413744371990825,-1.4122453524468788
15854,-1.0459825706112291,-1.0872066707882153
15855,-0.7619044789972231,-0.7834918884035844
15856,-1.1836160523022792,-1.1892330384685703
15857,-1.1010761639868567,-1.109665093495864
15858,-1.2213684265003648,-1.2707919344421503
15859,-1.0374229481053907,-1.068668603281026
15860,-1.3952492087386374,-1.3859877731140886
15861,-1.1566609273585238,-1.2122963894861305
15862,-0.9609951825104944,-0.9385079798464318
15863,-1.5205637207326963,-1.5551241226590573
15864,-1.1745046817339384,-1.1910211972701243
15865,-0.6650504030922587,-0.6855238183216223
15866,-1.2604684700337492,-1.257651225540989
15867,-0.8838684743689013,-0.889347127549716
15868,-1.069509295530097,-1.080056090071528
15869,-0.8662729651428932,-0.9082325330384324
15870,-1.0676829648572346,-1.1102383768219664
15871,-1.266321296839751,-1.269671058777999
15872,-1.1715132949888245,-1.1968892624827934
15873,-1.0022478556448176,-1.0438531393844643
15874,-1.179281051768813,-1.211888272632924
15875,-0.8934773839680494,-0.9020570288013919
15876,-1.4985378758851873,-1.5199695754728881
15877,-1.013014089229495,-1.0580827031640736
15878,-1.1075420573700303,-1.1624684937548575
15879,-1.1834594526533353,-1.1864760100504772
15880,-1.1056283231853514,-1.0830539304772704
15881,-0.918520541154137,-0.9361920470723193
15882,-1.1244466397189354,-1.1613380764189922
15883,-1.3985317575839138,-1.4097549557993887
15884,-0.7156318965947853,-0.7112396741813084
15885,-1.1561871120171954,-1.183379864199833
15886,-0.913874115130698,-0.9180265144476286
15887,-0.966594379077586,-0.9555650820103726
15888,-1.1037674347559612,-1.0806639767432396
15889,-0.9171315117399822,-0.9320719146605301
15890,-1.1260064110275387,-1.0824547411551464
15891,-1.1646931716638018,-1.1877145548507533
15892,-0.9838538123655688,-0.9490406824328794
15893,-0.7901337581087452,-0.8382861512575963
15894,-0.6674046893663044,-0.6468627533329186
15895,-0.9453169125919194,-0.9731999149002154
15896,-0.9288304776184318,-0.9233746149743249
15897,-0.8522003972253134,-0.8821471529105529
15898,-1.1362593275632045,-1.1825996199935598
15899,-1.0426200397254886,-1.0605055220059338
15900,-2.288756174199721,-2.256461094407474
15901,-1.13100116197453,-1.099733541486183
15902,-0.9895801470261212,-0.9950009806211604
15903,-1.3260989480548435,-1.285654948375843
15904,-1.3155826864571407,-1.291996637980143
15905,-0.7738711131635563,-0.7857114356925629
15906,-1.1873679088086495,-1.1844873631081612
15907,-0.9636254153510396,-0.9827549309693566
15908,-0.6285777942154759,-0.6446436498824324
15909,-0.6197233509134363,-0.6291183179298054
15910,-0.8051781200227284,-0.8325434393352933
15911,-1.0854463577270508,-0.9509108344713847
15912,-2.305583025727953,-2.3327424270766124
15913,-0.7808740758156592,-0.7503647681046517
15914,-0.650931878015399,-0.6954222513983647
15915,-1.5772385232978396,-1.5806927647855544
15916,-0.903002913792928,-0.9097806288136375
15917,-1.1408975651097852,-1.1935686624635404
15918,-1.10108133705183,-1.1003424874667465
15919,-1.8879979957233777,-1.9099229231025234
15920,-1.2343856715239012,-1.1233010635926173
15921,-0.5871865758600161,-0.5992373224992777
15922,-0.7682242204503316,-0.7338808697413622
15923,-1.0231751628624377,-1.030351922185538
15924,-0.7500429892724798,-0.7679502255540793
15925,-0.4384369194045547,-0.4482823718117805
15926,-0.5991156359975652,-0.6203177492747936
15927,-1.811095507248588,-1.8436954384264737
15928,-1.9921303873970395,-1.8023599575436304
15929,-1.0341869570590831,-1.0664415896674733
15930,-0.6037998562678695,-0.5817747199907899
15931,-1.4955960777070787,-1.4259365694022472
15932,-1.103000401519239,-1.109010367343823
15933,-0.6236343793570995,-0.5942583288997412
15934,-1.0001725827076635,-0.9740960779732204
15935,-0.8673517556153527,-0.9061028704778784
15936,-0.917953595519066,-0.9363538347410433
15937,-1.024425039919772,-1.0512298182307596
15938,-0.5824412567409005,-0.5877356679420771
15939,-1.3583824320356974,-1.3604759208915769
15940,-0.6442196607589722,-0.6500318359106014
15941,-0.5228870229203572,-0.502331272268172
15942,-1.031863578530245,-0.9950625187974875
15943,-1.2766310863716657,-1.29179783076895
15944,-1.1426804261282086,-1.1470714059347906
15945,-0.8645856557413936,-0.8570486754179
15946,-1.2723676225413447,-1.0875707248558746
15947,-0.6457724635915238,-0.6568060173852807
15948,-1.1874867507389613,-1.1984802030381703
15949,-0.396235522939198,-0.3974717837661059
15950,-0.8045199606567621,-0.7626154975344737
15951,-1.3755569836890051,-1.4050577823505845
15952,-0.8291959124942159,-0.8380332824795745
15953,-0.7169433148332345,-0.6798437531912357
15954,-1.0821421276777985,-1.0639302193497617
15955,-0.6105722813379197,-0.6424224723583807
15956,-1.0743697391924008,-1.0868978916212568
15957,-0.966605449831763,-0.9236246128722987
15958,-0.935420885682106,-0.9084173121179143
15959,-0.8030488053957622,-0.799748291903072
15960,-1.094149343727171,-1.0914824757465094
15961,-0.9672882836312056,-0.9655443156758944
15962,-1.038635304570198,-1.0475360502799351
15963,-0.8825542600825429,-0.8701640240227182
15964,-0.7998725900283227,-0.8261092109557909
15965,-0.4597586016369681,-0.44478499040304764
15966,-0.7213788337485735,-0.7305767286655515
15967,-0.9254349248353824,-0.9305654302123905
15968,-0.7329858901888825,-0.7135706437650576
15969,-0.7565562974574954,-0.6825388115505839
15970,-0.474774802487994,-0.5090814333744149
15971,-0.5200733112734418,-0.5236504740185207
15972,-0.7918378795896258,-0.8086444403038543
15973,-0.7347755627706647,-0.7592923231422901
15974,-1.0660620780117744,-1.0572925735715566
15975,-1.970712724484896,-1.8562086276840746
15976,-1.2943878851438824,-1.3309753631290637
15977,-0.8827726803128682,-0.8482609350214559
15978,-1.8234846230709192,-1.7807694649455523
15979,-0.5834519559686834,-0.5611409945921464
15980,-0.6305361413216406,-0.6061755745293866
15981,-0.6521850085073664,-0.6685386634304233
15982,-1.5610075135563697,-1.5556255258639036
15983,-0.4966055523265492,-0.4940945907072587
15984,-0.5344324413935343,-0.5136818848715887
15985,-1.0054235088732817,-1.0259015190508936
15986,-2.6562479791187106,-2.568720859194559
15987,-0.900909940712154,-0.9012856787691514
15988,-0.8873396298682042,-0.8872286977694015
15989,-0.9135684507702468,-0.9371781516877153
15990,-1.6784890112669573,-1.6428724786509639
15991,-1.351965102457231,-1.289362988805258
15992,-0.7478782653808593,-0.7224777330954869
15993,-0.4002763464694887,-0.40256724958344703
15994,-0.92347971505897,-0.9075020921322726
15995,-0.6851787194609642,-0.6536854701116681
15996,-1.051132036733997,-1.0903031145263395
15997,-0.4842881315438322,-0.44974914170050795
15998,-0.8114673728123307,-0.8255600988244016
15999,-0.7959788261457931,-0.8194022720790339
16000,-0.8498819447303003,-0.8503794630259092
16001,-1.1307832125959725,-1.1319117455966539
16002,-1.201621228410292,-1.1808005137928477
16003,-1.1875877435817277,-1.193035460088699
16004,-0.9732288519541422,-1.0342728188128951
16005,-0.9840781402218248,-0.964222882477076
16006,-0.697892708371776,-0.7049278099384491
16007,-1.0194730499918148,-0.994585615640515
16008,-1.4554350671842116,-1.4033408769712277
16009,-1.1214479254197705,-1.1420116501051725
16010,-1.1824543984361398,-1.1697068259610133
16011,-1.1094554793703688,-1.0731728848085214
16012,-2.0502195017678395,-2.39339448160024
16013,-1.4562797507301706,-1.4429086277826282
16014,-0.818675113278766,-0.8208155308735289
16015,-1.1152914566919208,-1.1181466094952213
16016,-1.0910111536351286,-1.0930811562297027
16017,-1.102565319963204,-1.0853224357917084
16018,-1.0343405137690462,-1.0160747624907467
16019,-1.229017935982046,-1.145340384837994
16020,-1.037910732187966,-1.0027673560484445
16021,-0.9530272834984832,-0.9318150327864283
16022,-0.8829101693722629,-0.8420523798524224
16023,-1.20500989847405,-1.2278035200343262
16024,-1.0824807364811269,-0.9258638429093541
16025,-0.3594844055990887,-0.3817067121908367
16026,-1.0623467310454495,-0.9490043456346748
16027,-1.108618750128635,-1.098551177988084
16028,-0.991195561349854,-0.9886962716210537
16029,-1.2359647538310798,-1.2308316827406196
16030,-1.303165316581726,-1.3328465166704209
16031,-1.2323332895604215,-1.202847689530125
16032,-1.4337858931962837,-1.4385519775866893
16033,-0.89040184298227,-0.8169933504683831
16034,-1.1184211747590886,-1.067662868943319
16035,-1.0437449438627375,-0.9912590367887669
16036,-0.9249852150678636,-0.9502879001767542
16037,-1.1866321517515552,-1.1846776109234167
16038,-0.9004686313082081,-0.9180423901788117
16039,-1.075957593067672,-0.9775773514607897
16040,-0.6451757495219891,-0.6749661722513867
16041,-1.0990478280902831,-1.0152232989504602
16042,-1.144314550614172,-1.1010531238397014
16043,-1.3802536411802897,-1.2843250577442478
16044,-0.9865741951521052,-1.0356243837002828
16045,-0.9083620873532554,-0.9253017609620813
16046,-0.8785524321353342,-0.8236825895629111
16047,-1.2718015216117682,-1.2978588602272911
16048,-1.0309069406154543,-1.0026479978256697
16049,-0.8675185904022336,-0.9168994190890564
16050,-1.125632649244264,-1.0529748269100214
16051,-1.2443543552428251,-1.264842936487167
16052,-1.2061804736307424,-1.18928081040138
16053,-1.4059348817943602,-1.3173325608418878
16054,-1.114088159198909,-1.2395691682260401
16055,-0.7809327896251235,-0.7349671507434429
16056,-1.135569645452869,-1.0704075899141148
16057,-1.0374705772991328,-0.9070308201141116
16058,-1.1418781289758608,-1.1717724410878152
16059,-1.0437951291254324,-1.0914977444616358
16060,-1.2913031245386877,-1.2444801189182797
16061,-1.1734905704971432,-1.1486532020696738
16062,-0.9763738646987796,-1.0112083483328809
16063,-1.4697608522666517,-1.4986467933578838
16064,-1.217272371512193,-1.2861876957441254
16065,-0.6539219054140786,-0.6685853939335372
16066,-1.2377488372861878,-1.2305544362878837
16067,-0.9828155133151268,-0.9772140344054896
16068,-1.0635051828946254,-0.9524446456210562
16069,-0.9215194079303002,-0.9745056155354794
16070,-1.0709121486013249,-1.1327699159035043
16071,-1.2026183383409368,-1.2033164199421031
16072,-1.042775961779809,-1.0986586206913012
16073,-1.0010093404341114,-0.9751507873943681
16074,-1.1474920354148217,-1.1332963664352114
16075,-0.9181798770364408,-0.9045869107017515
16076,-1.383639281110246,-1.361606904083827
16077,-0.9832942559737567,-1.0220650613332858
16078,-1.2212611252023269,-1.1550052450487402
16079,-1.0406391741865773,-0.9922513667799191
16080,-1.1137759611588116,-1.0278715811306283
16081,-0.91116982837056,-0.9211430364475511
16082,-1.0575158060059069,-1.1828256373943855
16083,-1.3938978245091993,-1.4151710461762317
16084,-0.6861314368697832,-0.6719103490148421
16085,-1.1672534998073134,-1.1383121095300877
16086,-0.956531193829322,-0.8912396984179205
16087,-1.0295426475909328,-0.9328201282535259
16088,-1.1091635846352392,-1.0265842262196847
16089,-0.9070663867994796,-0.883520119687474
16090,-1.138725956281026,-1.0603592681237684
16091,-1.2412177268848863,-1.2489817170619335
16092,-0.9311800807021384,-0.9029172311566966
16093,-0.8175348625626675,-0.782905282936806
16094,-0.6201067212261732,-0.6673646737329292
16095,-0.9118575985117476,-0.7559310166665912
16096,-0.9131312351818232,-0.7254912538854391
16097,-0.8192242541054423,-0.8054923467959089
16098,-1.117880343466766,-1.1427637501413226
16099,-1.1189355979594149,-1.1193722793276044
16100,-2.2869082268546608,-1.9776726332547345
16101,-1.3152660796808642,-1.1306432350561175
16102,-1.029490627983744,-0.9622986062214604
16103,-1.4296954128477308,-1.218799927047558
16104,-1.180441687847006,-1.2066952158833604
16105,-0.7695355646369993,-0.7599012676606479
16106,-1.1470679652934173,-1.0394385846110896
16107,-1.0342162570288016,-0.9618077903960592
16108,-0.6826645089674366,-0.5483866226241063
16109,-0.6872049555366422,-0.4026613838272505
16110,-0.8122868662788755,-0.6970785966221557
16111,-0.9340044856071472,-0.8826700528304792
16112,-2.05068496295384,-2.3935722982072045
16113,-0.920536147531613,-0.8122197676624247
16114,-0.7234074706211686,-0.47378170798880154
16115,-1.5275395777490404,-1.4019350172576395
16116,-0.9051306456327438,-0.8090820312910094
16117,-1.2361020967941876,-1.1424829979808002
16118,-1.198089580426271,-1.0970074888141716
16119,-2.242005147717216,-2.0000247652079155
16120,-1.4716925139610584,-1.1621901856991765
16121,-0.7601023182388424,-0.6112276266364419
16122,-0.9338276502562732,-0.8436709706048667
16123,-1.0798396750013957,-0.9968579791809684
16124,-0.9399189542430316,-0.8547047322120901
16125,-0.4378121814062429,-0.45710267080525124
16126,-0.6691392678623052,-0.6519843234359193
16127,-2.2951972225438,-1.9950445581271135
16128,-1.99978316397894,-1.598773610904697
16129,-1.1904228351734305,-1.0414375220983325
16130,-0.7000530324876308,-0.6086619367753404
16131,-1.460109101401435,-1.2376560599090247
16132,-1.2020500907674432,-1.1171206339921922
16133,-0.6768127344548702,-0.5663183541752418
16134,-1.122982331024584,-1.011131607490081
16135,-0.904810718787733,-0.7519330764157626
16136,-0.8742892647331412,-0.8495239540876723
16137,-1.1753132269363995,-1.143787849053404
16138,-0.6765094845313725,-0.5991194886802909
16139,-1.483045501302379,-1.3112304755205435
16140,-0.6412615858591519,-0.6716414349889183
16141,-0.682825251143108,-0.48562867875186444
16142,-1.0706479031910268,-1.0424924186927422
16143,-1.382612336513608,-1.2976867055018466
16144,-1.214501521550119,-0.9953930386045675
16145,-0.9258071118965744,-0.8208046074447621
16146,-1.0986358894818071,-0.8173854698104376
16147,-0.7943130546762037,-0.6332695067510186
16148,-1.139480126755578,-1.1532704436003307
16149,-0.4265346242420709,-0.37572066579719393
16150,-0.7590525923296809,-0.6235230538630139
16151,-1.5353976654451946,-1.5770286718718454
16152,-0.931044908457024,-0.8170624249355309
16153,-0.7820256301598956,-0.6703014771046213
16154,-1.0878824405372145,-0.994742527411809
16155,-0.6040824348964389,-0.6171488565289626
16156,-1.0780077285544818,-0.7918544346538317
16157,-1.0566479780877285,-0.9159403923192033
16158,-1.03061664942652,-0.8357623210056381
16159,-0.7924060106277466,-0.8123982017781772
16160,-1.245115972304529,-1.1688133475898388
16161,-1.0512278666719794,-1.0023394672931292
16162,-1.1036859348416328,-1.057751913840792
16163,-0.958356784656644,-0.8522519188707648
16164,-1.0162685834444487,-0.7607961511991553
16165,-0.4394653301972609,-0.3786782354732115
16166,-0.7533685301625451,-0.686823226490353
16167,-1.084884856098382,-0.9433201454752214
16168,-0.7843716560408126,-0.7170085400521738
16169,-0.8399394575015519,-0.6361576886537403
16170,-0.521439290235913,-0.36444590417212813
16171,-0.6470560066459715,-0.5112565338852965
16172,-0.8740121941177212,-0.664819589098741
16173,-0.8349973065778613,-0.7081720588399578
16174,-1.0902670231540643,-1.0584465024447511
16175,-1.9423053954776963,-1.5415859956751077
16176,-1.3306654415632548,-1.161256094105753
16177,-0.961459201479715,-0.8825390380109974
16178,-1.8333932161331177,-1.667773734125384
16179,-0.5608520377766002,-0.5260469685070335
16180,-0.7846609520357709,-0.5742100087112381
16181,-0.6435961196588915,-0.6491286419667354
16182,-1.6582943561465242,-1.5912324964859548
16183,-0.5493617144497958,-0.4331262682024924
16184,-0.5196636962890625,-0.5192691803798641
16185,-1.1724346728287929,-0.9272365715795844
16186,-3.219856358709789,-2.728761203320344
16187,-0.9632703280076385,-0.7491123206848799
16188,-0.9843230016471805,-0.8431812649566464
16189,-0.9885334902947102,-0.8757441939512962
16190,-1.888150277345077,-1.730137334306931
16191,-1.37553092164378,-1.2142021921720056
16192,-0.7140220522880554,-0.7290425416553981
16193,-0.4259697574330127,-0.3394212043897046
16194,-0.8583372748175333,-0.8666233238090417
16195,-0.6657515671104193,-0.594111376738232
16196,-1.0708398218302764,-0.978259652555965
16197,-0.4883831221927968,-0.48887297137217556
16198,-0.8574442053213716,-0.6841351904281983
16199,-1.0034472535746966,-0.8527487361354622
16200,-0.841400428335796,-0.85037945226652
16201,-1.1347070809068351,-1.1319118309403648
16202,-1.197659782661024,-1.1808005569567859
16203,-1.2176488471585651,-1.1930355917820472
16204,-0.98893960039745,-1.0342729594095097
16205,-0.979421105495719,-0.9642229340253041
16206,-0.7053576809491298,-0.7049279140183495
16207,-1.0126908564752386,-0.9945856281711057
16208,-1.4591707776683245,-1.4033408796949343
16209,-1.1330232915952223,-1.1420118001699286
16210,-1.1797303672908812,-1.1697069486470026
16211,-1.1197648703396976,-1.0731728264598153
16212,-2.1002483538218906,-2.393394931319463
16213,-1.4569972499472197,-1.4429087648785468
16214,-0.8190508803655935,-0.8208155716045101
16215,-1.093918296508491,-1.1181466367445332
16216,-1.1128888056259747,-1.0930812183710992
16217,-1.1048753982366517,-1.0853224735674734
16218,-1.0399518844693203,-1.0160748630186542
16219,-1.230001596517341,-1.1453403802353208
16220,-1.0427977216336155,-1.0027675987317155
16221,-0.945192713146062,-0.9318151380527739
16222,-0.9107227898383324,-0.8420525236667306
16223,-1.197820700416269,-1.2278035293339058
16224,-1.058477145756862,-0.925863893704826
16225,-0.355058566117898,-0.38170676371286005
16226,-1.0564375838568043,-0.9490042742655896
16227,-1.1158504365950592,-1.0985512314608774
16228,-1.0050402260565945,-0.9886963989158597
16229,-1.2676168587780738,-1.2308319555858147
16230,-1.301905869513519,-1.33284657635437
16231,-1.2359011986458948,-1.2028478013381594
16232,-1.4550355719041457,-1.4385520229286834
16233,-0.8742287611776545,-0.8169934306766696
16234,-1.1143020049546115,-1.0676629493237892
16235,-1.0351034643114074,-0.9912590618740293
16236,-0.9407665689786276,-0.9502880548570254
16237,-1.1653587910556054,-1.1846776798008423
16238,-0.8998217028240825,-0.918042388611466
16239,-1.0326017326162766,-0.9775772357094759
16240,-0.6546940069932204,-0.6749662217294551
16241,-1.08817925748899,-1.0152234508040294
16242,-1.123645961746689,-1.1010530378730756
16243,-1.376551014508388,-1.2843250316257868
16244,-0.9724484367888104,-1.0356244260572156
16245,-0.9182215254436168,-0.9253018966407345
16246,-0.878115612690843,-0.8236827379642924
16247,-1.2782605248828267,-1.2978588403796634
16248,-1.044615856436796,-1.0026480726875922
16249,-0.8951078847397206,-0.9168995788852813
16250,-1.137287827425225,-1.0529748485217274
16251,-1.2490254298661103,-1.2648430806209905
16252,-1.1911079717236897,-1.189280847635971
16253,-1.4305211287136226,-1.3173324881495696
16254,-1.0918263483417123,-1.2395690508359147
16255,-0.7864579054736351,-0.7349672278950802
16256,-1.130645005277885,-1.0704075802992523
16257,-1.035349824631861,-0.907030808374205
16258,-1.1508957258490629,-1.171772630450969
16259,-1.0345075647960338,-1.0914977940232062
16260,-1.2876416583393897,-1.2444801291433412
16261,-1.179950330608575,-1.1486532880248215
16262,-0.9862210667410564,-1.011208331601664
16263,-1.4787051622257676,-1.4986468619025548
16264,-1.2165582042474012,-1.2861876090929094
16265,-0.6695667033971742,-0.6685855397615869
16266,-1.2543636874635091,-1.230554577357581
16267,-0.972571238990902,-0.9772140530601368
16268,-1.0641476608986078,-0.9524446586185886
16269,-0.9397133598031924,-0.9745057824946856
16270,-1.0875768217929571,-1.1327699807263352
16271,-1.2004307286683904,-1.2033164031439376
16272,-1.0445144287375516,-1.0986586684405888
16273,-1.0054655112037365,-0.9751508784945537
16274,-1.1369084665017537,-1.133296404311231
16275,-0.9087601129987598,-0.904586917477985
16276,-1.3919936825138657,-1.361607007458364
16277,-0.9898836012034452,-1.0220652336841007
16278,-1.1841855640559231,-1.1550051629675773
16279,-1.0495873447191917,-0.9922514087054038
16280,-1.1142970027849657,-1.0278715808763688
16281,-0.9185693984807924,-0.9211431207323271
16282,-1.0597454789997072,-1.1828257087095246
16283,-1.3948356504588164,-1.4151709866752744
16284,-0.7013503672941676,-0.6719104372567911
16285,-1.164871148360792,-1.138312094933784
16286,-0.949951032335444,-0.8912397770828887
16287,-1.0074095855387606,-0.9328200560969274
16288,-1.1169798706853111,-1.0265842422110028
16289,-0.8888246449389199,-0.8835201200327015
16290,-1.1147210893704909,-1.0603591723573587
16291,-1.234918666440387,-1.2489816823186302
16292,-0.920392157495484,-0.9029171546388095
16293,-0.8162859622822252,-0.7829053249439686
16294,-0.6484403021727936,-0.6673646642835566
16295,-0.8910147413726925,-0.7559309277250842
16296,-0.915846818177275,-0.7254911427752174
16297,-0.8049298848292624,-0.8054922883593698
16298,-1.1232622621595398,-1.1427638167941774
16299,-1.1024608649024668,-1.1193723014008872
16300,-2.2778403127894684,-1.977672670627456
16301,-1.2950865131940028,-1.1306428291512496
16302,-1.0210395506186078,-0.962298515254459
16303,-1.3924822409947712,-1.2187994674029574
16304,-1.2223266198717315,-1.2066957046922684
16305,-0.7748610520547674,-0.7599013065581618
16306,-1.1658372781714614,-1.0394385576677023
16307,-1.0232014286425686,-0.9618075713152471
16308,-0.689522847648739,-0.5483865506631282
16309,-0.7191204700940921,-0.40266130726750776
16310,-0.8218129351025536,-0.6970786552560938
16311,-0.9509660959243774,-0.8826701898039467
16312,-2.100927301815578,-2.393572756175284
16313,-0.8915126000263894,-0.8122195988451311
16314,-0.7211365634575486,-0.47378163634773596
16315,-1.4907120565573375,-1.4019351798125685
16316,-0.9118278831243516,-0.80908196658047
16317,-1.2282085501870443,-1.1424828065808954
16318,-1.203698407644513,-1.0970074928758993
16319,-2.15048503333872,-2.000024111886938
16320,-1.4066336338336651,-1.1621899005988756
16321,-0.7395267551259477,-0.61122730898144
16322,-0.9140447756139244,-0.8436707176696838
16323,-1.0694097539251164,-0.9968577591016762
16324,-0.910609855208286,-0.8547046874228748
16325,-0.4339124953099924,-0.4571027065401248
16326,-0.66405516169792,-0.6519841584634346
16327,-2.205313438954561,-1.9950441701424042
16328,-1.994016999290103,-1.5987735192505919
16329,-1.1803882718086245,-1.0414375320998632
16330,-0.6833768580108881,-0.6086617597129278
16331,-1.5564729637569852,-1.2376563055918133
16332,-1.1757896495983005,-1.1171204359318998
16333,-0.6665437323972583,-0.5663183099996271
16334,-1.1041763383288716,-1.0111313714080439
16335,-0.8715413060299185,-0.7519328931696968
16336,-0.8717990937558088,-0.8495239778451843
16337,-1.1682742307352465,-1.1437878366072787
16338,-0.6573336593748078,-0.5991194450447809
16339,-1.4657335401505462,-1.3112304219361448
16340,-0.6498651697085454,-0.6716414858542831
16341,-0.6433515530223994,-0.48562851453933586
16342,-1.0544074967850086,-1.0424922858417225
16343,-1.368925267411757,-1.297686621318076
16344,-1.1743839476257565,-0.9953926467028626
16345,-0.9260485274717212,-0.8208045280228916
16346,-1.0781512951505356,-0.8173852029629483
16347,-0.7838315095088279,-0.6332692257380611
16348,-1.1940391404288155,-1.153270839259259
16349,-0.4145091967796211,-0.37572057154228533
16350,-0.7740549091249704,-0.6235229966599809
16351,-1.5048512913459955,-1.5770285800306256
16352,-0.897803966389146,-0.8170622488714472
16353,-0.7610513230626897,-0.6703012880259156
16354,-1.0770796528086066,-0.994742442769043
16355,-0.6247530929625981,-0.6171490066428111
16356,-1.0923722400221714,-0.7918543591053379
16357,-1.0543315771014192,-0.9159402709020199
16358,-1.0108889881521463,-0.8357619815824399
16359,-0.7922293990850449,-0.8123982587299315
16360,-1.2336386285086935,-1.1688132018617332
16361,-1.031096674501896,-1.0023392767316315
16362,-1.0894756972789763,-1.0577518104663837
16363,-0.9387028263881804,-0.8522518067023889
16364,-0.977059282706334,-0.7607955664524872
16365,-0.4521262156657683,-0.37867825946025
16366,-0.7661121750986853,-0.6868231833677275
16367,-1.087340043496716,-0.9433200373812906
16368,-0.768038272857666,-0.7170084496278096
16369,-0.7924518224804901,-0.6361573875953128
16370,-0.5182953155229962,-0.36444580903544627
16371,-0.6450641571089278,-0.5112563980780119
16372,-0.8784639592073402,-0.6648194632616424
16373,-0.8084307685494423,-0.7081720308556824
16374,-1.0691411305317835,-1.058446419366669
16375,-1.9850525730534605,-1.5415856626199755
16376,-1.342800067600451,-1.1612561850339636
16377,-0.9722486923611352,-0.8825389060040535
16378,-1.8288775574077256,-1.667772986614796
16379,-0.5685696775263006,-0.5260470071740954
16380,-0.7440600774084875,-0.5742097142195115
16381,-0.6530569505321887,-0.6491287607642439
16382,-1.6399874077286831,-1.5912321078087952
16383,-0.5310646685686978,-0.43312624909546393
16384,-0.5292157157262166,-0.5192692687947156
16385,-1.16332545114118,-0.9272362071681556
16386,-3.1412916637602306,-2.7287603845987953
16387,-0.9711302788928152,-0.7491121512037355
16388,-0.9838016864865324,-0.843181066391745
16389,-0.9795114567520422,-0.8757441093170013
16390,-1.8473740764286208,-1.7301370441137425
16391,-1.3618153314436636,-1.2142019722552333
16392,-0.7096364200115204,-0.7290426066615965
16393,-0.4198864689023476,-0.3394210761854553
16394,-0.8810985282410023,-0.8666233494505111
16395,-0.6489395443350077,-0.5941112512286362
16396,-1.0866677012554435,-0.9782596115488704
16397,-0.4794263026511022,-0.4888728693743571
16398,-0.8502285843715072,-0.6841351421726988
16399,-0.9749378326327302,-0.852748538883395
16400,-0.9089954453845356,-0.852527269001484
16401,-1.0970999917079662,-1.134071628573764
16402,-1.2437707342842752,-1.182027012336231
16403,-1.2084899170454158,-1.1924769482727968
16404,-0.9547030472940252,-1.033973460719737
16405,-1.007145075834999,-0.9629365788162422
16406,-0.7160930467206378,-0.7048978403394711
16407,-1.0004031066746677,-0.984008356801102
16408,-1.4731910663057668,-1.4014927150955612
16409,-1.1998807552248931,-1.1438663234479742
16410,-1.2281168671541436,-1.1624061546393787
16411,-1.2033752792484158,-1.0347291850190865
16412,-2.2154554639543806,-2.4118472294455184
16413,-1.4581574455636446,-1.4432786999186562
16414,-0.8250126783237901,-0.8184627864310529
16415,-1.098900523968041,-1.1185225605945848
16416,-1.119265352108682,-1.0941661350912286
16417,-1.0967992701271707,-1.0794622479574485
16418,-1.1291748996852904,-1.0151549623545495
16419,-1.2562730608060375,-1.1448575119267892
16420,-1.0781107632688771,-1.0006633189898408
16421,-0.988035898800044,-0.9260725886038063
16422,-0.918734446976536,-0.830917540841959
16423,-1.2049853681593905,-1.2236528444326553
16424,-1.051805388095767,-0.906402481325646
16425,-0.3561368885203304,-0.3824109177986043
16426,-1.0441239767296369,-0.9385153596979097
16427,-1.1084764567456504,-1.0933232631395189
16428,-1.0198311667109643,-0.9870143613122289
16429,-1.246730191763057,-1.2282730409962568
16430,-1.3014084544292717,-1.3309792687348758
16431,-1.2574644162673358,-1.1971211912402893
16432,-1.441369041916012,-1.4336911746477765
16433,-0.8593517809875252,-0.8076832967149186
16434,-1.1007989358532335,-1.065434948612241
16435,-1.026119859643685,-0.9840728573710832
16436,-0.949643012881279,-0.9495210500812563
16437,-1.1461187536402266,-1.1847402056289895
16438,-0.9082999423492788,-0.9209019590392941
16439,-1.069630334543627,-0.9730195926622254
16440,-0.6593105737979595,-0.6765348822292293
16441,-1.1089687661607135,-1.009467221902949
16442,-1.074007934378099,-1.086748158270516
16443,-1.3980333638745686,-1.270476470151865
16444,-0.9578768292138744,-1.0304091403393763
16445,-0.8937264024749283,-0.9229085093852453
16446,-0.877855504591634,-0.8076813391094994
16447,-1.2475683448850647,-1.2917834578361378
16448,-1.0116673578587614,-0.9991502301123658
16449,-0.9120135353517164,-0.9145656718971931
16450,-1.1179620332496112,-1.0449848447568477
16451,-1.2615971860959547,-1.2623485794957876
16452,-1.2106088880420656,-1.1931258030029384
16453,-1.377812806025956,-1.3106705689380356
16454,-1.129289384960204,-1.2459386100544683
16455,-0.7864574193954468,-0.7336419758349957
16456,-1.1349109291106232,-1.0627011833159228
16457,-1.0513852012249851,-0.8909518462114664
16458,-1.1851968543474063,-1.1640184023282643
16459,-1.0337881736977157,-1.0915223409583172
16460,-1.3018390180528625,-1.2363902231257662
16461,-1.212237425552782,-1.146522690295949
16462,-0.9780925235082936,-1.0144535568644757
16463,-1.469105039456094,-1.4926720644777958
16464,-1.2527486461859485,-1.2900714026875375
16465,-0.7212027098781378,-0.6711392947141437
16466,-1.2523767874222391,-1.2302270785051816
16467,-0.9613462880600332,-0.9797439353234229
16468,-1.0991870488307274,-0.94536323296507
16469,-0.9371874295463858,-0.9732910340099037
16470,-1.1199161128480306,-1.1372225499139412
16471,-1.2205095244932544,-1.194912215231051
16472,-1.1121754932773205,-1.0975346330102564
16473,-1.026871119358743,-0.9714105727657368
16474,-1.1242083726927292,-1.1256651841360068
16475,-0.9150928216697896,-0.9023825096241941
16476,-1.433929721514384,-1.3530023442045684
16477,-1.0267596041509348,-1.0203871909359852
16478,-1.2018105105836263,-1.153086964004167
16479,-1.09624288546837,-0.9840288786685331
16480,-1.1530014100924943,-1.0260886322840712
16481,-0.9199013746986092,-0.9191166219153682
16482,-1.100075977717259,-1.1862817699175308
16483,-1.4646528700525447,-1.4193915585524544
16484,-0.6930869795241446,-0.6710427054737491
16485,-1.1919419127841329,-1.1359801557803166
16486,-0.9384487978247708,-0.8866203448500571
16487,-1.063224103099616,-0.9340428471191224
16488,-1.1365989511327226,-1.027051001115104
16489,-0.8871475485868232,-0.8818589212747805
16490,-1.1203035735344702,-1.0578796900936749
16491,-1.24745176004809,-1.2491715377483714
16492,-0.9643981576889984,-0.9028382546212828
16493,-0.8738549245420353,-0.7805469123473728
16494,-0.6636929074420205,-0.6720387260762647
16495,-0.9193801879882812,-0.7421841220372571
16496,-0.9019988322442816,-0.7092679391535265
16497,-0.8700402374415435,-0.8009658405554811
16498,-1.1578682023425435,-1.1408951604493105
16499,-1.100212199743404,-1.1205211714034045
16500,-2.449347460971159,-1.9735035981026234
16501,-1.3174371968868166,-1.1354746895754113
16502,-1.039541099422662,-0.9639194684871114
16503,-1.4060922940572105,-1.219012043519787
16504,-1.2043229999213385,-1.2107172788981737
16505,-0.7945323276889417,-0.7614676850192894
16506,-1.2556942531040736,-1.0359027985294846
16507,-1.0719058781631232,-0.9627504328689712
16508,-0.6779930693234584,-0.5437852850239192
16509,-0.7890888114034393,-0.3946854441619421
16510,-0.8551188684645153,-0.6912440434598326
16511,-0.9937260746955872,-0.8842355831778554
16512,-2.2154554639543806,-2.4119915375981127
16513,-0.9052988660427952,-0.8192294172642481
16514,-0.7085740873590112,-0.46388542936844257
16515,-1.5613470673561096,-1.3993798066820196
16516,-0.9381821095943452,-0.8078762064262864
16517,-1.27896669761155,-1.1411881251550857
16518,-1.257279268626509,-1.1014791983895644
16519,-2.147740206935189,-2.015093029846163
16520,-1.3034664942668035,-1.162223230376253
16521,-0.7522291675094486,-0.6113920722897819
16522,-0.9155594154102046,-0.8537668383135674
16523,-1.1300063623014347,-1.0006802842225682
16524,-0.8789391933485519,-0.8618604736338887
16525,-0.4359258986258691,-0.45787700490002936
16526,-0.6495533885881882,-0.655554341585732
16527,-2.23544166399085,-2.0156032500921954
16528,-1.9752524353209,-1.5890159048697945
16529,-1.12358084431401,-1.0353984517500288
16530,-0.6672448860481381,-0.60828506727293
16531,-1.3170724665677105,-1.223483031068967
16532,-1.20825766492635,-1.1196463803363748
16533,-0.6651606215164065,-0.5666542571387411
16534,-1.1345100458278212,-1.0159280109044713
16535,-0.9373701099277468,-0.750090022373096
16536,-0.9535606760870328,-0.8516702905873528
16537,-1.189997069595396,-1.1504632807703659
16538,-0.6275422544929925,-0.5999444623155948
16539,-1.4503393866295038,-1.3086441481409175
16540,-0.6520730146994957,-0.6730746275713994
16541,-0.6355398995007655,-0.4849944305666789
16542,-1.0565100612566454,-1.0477648942138327
16543,-1.377681667490523,-1.2987651906796758
16544,-1.2416292009875178,-0.9932985843129187
16545,-0.9392343377694488,-0.8214426557656572
16546,-1.121295690536499,-0.8107392265934344
16547,-0.80743618436562,-0.6373000802523356
16548,-1.178905372108732,-1.1505915409239442
16549,-0.4146006125122753,-0.3750139297404937
16550,-0.7725487165153027,-0.6209439504127402
16551,-1.565839635309323,-1.587797094118643
16552,-0.8812674967817558,-0.8165444640476196
16553,-0.7520945081415102,-0.6730412789971633
16554,-1.1091681187972426,-0.9939612702386741
16555,-0.6210710718518212,-0.616859723598366
16556,-1.118504483570424,-0.7808329663990541
16557,-1.015273370484049,-0.9148652588802189
16558,-0.9851179430261254,-0.8315156505294782
16559,-0.8002049416303635,-0.8131825615703708
16560,-1.2321349447087724,-1.1741770617474656
16561,-1.0667896680533886,-1.005872819670364
16562,-1.0889674425125122,-1.0619398648981457
16563,-0.963924796320498,-0.8516455427526655
16564,-0.9760934141966012,-0.7575148487016398
16565,-0.4741757965495444,-0.37866065988895914
16566,-0.7703229826550151,-0.6864968609068456
16567,-1.092367826506149,-0.9445232440401071
16568,-0.7469497475513193,-0.7173958159775096
16569,-0.7854534433793652,-0.6348055282402181
16570,-0.5530255919411069,-0.35970296996954604
16571,-0.6398387038430502,-0.5103913526840954
16572,-0.9346744174859962,-0.6583759547644811
16573,-0.7831559684127569,-0.7044900411659688
16574,-1.1149513763664043,-1.0552398113912065
16575,-1.9758553630427311,-1.5353240025938315
16576,-1.4222888394405968,-1.1591574852604074
16577,-1.017622678998917,-0.8878898878397338
16578,-1.7450840509299077,-1.669289743288312
16579,-0.5920859055085615,-0.5241463190261464
16580,-0.7409129567848619,-0.5689646321389055
16581,-0.6698135599609494,-0.6498730301302084
16582,-1.7044271517169567,-1.5981705850859191
16583,-0.5344391454349865,-0.4340461424192601
16584,-0.5296123568216959,-0.5213959557498226
16585,-1.2002742586209791,-0.9200327275629175
16586,-3.2961195537022183,-2.7446693764339027
16587,-0.9749063961207868,-0.741766254352077
16588,-0.9510330488515456,-0.8437291970967536
16589,-1.0207000281832634,-0.8747815235049734
16590,-1.763321446335834,-1.7362893290708445
16591,-1.325544837982424,-1.215349709478585
16592,-0.7449202567338944,-0.7339953914697669
16593,-0.3934300743688748,-0.33693524387987395
16594,-0.8716942071914673,-0.8647664838865805
16595,-0.6648392034694552,-0.5951000640439735
16596,-1.1105548208074052,-0.9748805753526445
16597,-0.5073452291562576,-0.4927285036114055
16598,-0.8751051751896739,-0.6809368183164097
16599,-0.9683298159015272,-0.8539819570999394
16600,-0.8529830320860988,-0.8153668426030102
16601,-1.0736052589169864,-1.09668696932785
16602,-1.200742016467013,-1.1608107582956808
16603,-1.2353533922239792,-1.2021441245285005
16604,-1.0260762456775636,-1.03915278342231
16605,-0.9851317331772442,-0.9852005478411393
16606,-0.7457485818123633,-0.7054226644346334
16607,-1.1002826598263526,-1.167052201649377
16608,-1.4932830037996752,-1.4334836412352336
16609,-1.1548255136770795,-1.1117855354472137
16610,-1.3323019068370494,-1.2887691527322365
16611,-1.7789236582242525,-1.7000749007074574
16612,-2.0730190106800626,-2.0925291132869206
16613,-1.489040147085659,-1.4368789618380187
16614,-0.8607755076977633,-0.8591826519007771
16615,-1.115605726838112,-1.1120158391926025
16616,-1.1180640764014669,-1.0753944620854068
16617,-1.173216279162917,-1.180879719867335
16618,-1.0913466917451962,-1.0310932387119898
16619,-1.210492448289265,-1.1532156232956723
16620,-1.044677590214929,-1.0370875186076913
16621,-1.049361096796139,-1.025468629055424
16622,-1.014864162881245,-1.0236295681413161
16623,-1.3541021661240926,-1.2954900509407992
16624,-1.2872702890588332,-1.2432204750537632
16625,-0.3664065110377776,-0.3702236974059859
16626,-1.160748003989227,-1.1200384486776833
16627,-1.2072873004647189,-1.183799006286181
16628,-1.070895928745122,-1.0161269961794441
16629,-1.260416530823523,-1.2725561376694232
16630,-1.3959438791570735,-1.3632910323537228
16631,-1.3284279505411785,-1.2962295696189283
16632,-1.510845282281092,-1.5178187491350643
16633,-0.9690941914107448,-0.9688088290006593
16634,-1.107673206070597,-1.1039966050741055
16635,-1.0856849315554598,-1.1084362530810836
16636,-0.9821391294399896,-0.9627993313566047
16637,-1.1112538317377254,-1.1836426972342757
16638,-0.8914019266764323,-0.8714177595358416
16639,-1.0500763192657352,-1.0519052320631064
16640,-0.650167622933021,-0.6493868854716225
16641,-1.1423564040383627,-1.1090990874328446
16642,-1.3119822102923726,-1.3343052186599915
16643,-1.5310931335123934,-1.5101471293962438
16644,-1.0440084444460018,-1.1206628750182097
16645,-0.9459011369897412,-0.9643300133775009
16646,-1.101852212365218,-1.0846159998120488
16647,-1.4111419333968052,-1.396919577160246
16648,-1.0926629859347676,-1.0596898503874812
16649,-0.9643976309502772,-0.9549611783186505
16650,-1.2209740230279376,-1.1832670514986658
16651,-1.3254743990047957,-1.3055219866224623
16652,-1.1408895429714705,-1.1265877871498826
16653,-1.4529369746067726,-1.4259658723804252
16654,-1.1399106822272604,-1.1356989229221237
16655,-0.7959177142889925,-0.7565821768323726
16656,-1.223060919332874,-1.1960756061008928
16657,-1.197920837143595,-1.1692224553502155
16658,-1.2609820633895636,-1.2982163897026233
16659,-1.0742851745250612,-1.0910952779831866
16660,-1.3835287620854932,-1.3764033594296918
16661,-1.2438061791797017,-1.1834098173171117
16662,-0.957697726959406,-0.9582842883173631
16663,-1.6204653128173,-1.5960755624567093
16664,-1.2054241281289322,-1.2228523044803064
16665,-0.6667605028596035,-0.6269526484201603
16666,-1.2663869802341905,-1.235898856219977
16667,-0.9426278855449468,-0.9359568448420358
16668,-1.1496014400970105,-1.0679272732662934
16669,-0.9702909399372662,-0.9943061587096234
16670,-1.063180308933406,-1.060170749284328
16671,-1.3637652055237643,-1.3403555336129531
16672,-1.1800958278567293,-1.1170013726526693
16673,-1.0307747356651364,-1.0361472024746916
16674,-1.244876978009246,-1.2577310266176092
16675,-0.9687969315368518,-0.9405295269388071
16676,-1.534558745317681,-1.5019256676877775
16677,-1.0632530598677403,-1.0494323315504732
16678,-1.2220199893611343,-1.1862882623022926
16679,-1.1778187398183144,-1.126346235255679
16680,-1.102363654809405,-1.0569537521951806
16681,-0.9600725950196732,-0.9541872666134166
16682,-1.1398284315138825,-1.1264764528891908
16683,-1.3850951185522151,-1.3463595151501684
16684,-0.707713063033122,-0.6860624279599622
16685,-1.2221799737723298,-1.1763450875373116
16686,-0.9909871437752894,-0.9665638143758503
16687,-0.9615456660588584,-0.912889873524971
16688,-1.0927015478296798,-1.0189856659505838
16689,-0.9537886907888014,-0.9106132797603835
16690,-1.1409744246061455,-1.100790725990527
16691,-1.256847337234852,-1.2458807860784287
16692,-0.9604805606280188,-0.904212189353379
16693,-0.8542906064395757,-0.8213726608918004
16694,-0.6262248196179354,-0.591153559827742
16695,-1.0485553649044776,-0.9801022711015084
16696,-1.0462621339531832,-0.9900402168445261
16697,-0.9201925512432128,-0.8793105160407123
16698,-1.1594690906909084,-1.1732395541111884
16699,-1.0760167356609374,-1.1006342049437319
16700,-2.1630501606885124,-2.0456916267185594
16701,-1.1016029405963512,-1.0518580977085914
16702,-0.9400359244309656,-0.9358701391814281
16703,-1.3322386503219603,-1.2153504491347036
16704,-1.2396407168487025,-1.1411334463412517
16705,-0.7460623813229937,-0.7343642543476412
16706,-1.139790661480962,-1.0971097178267863
16707,-0.9729551280191704,-0.9464436547011144
16708,-0.6485618768736373,-0.6234225599707927
16709,-0.6441888014475504,-0.5327391757642447
16710,-0.8066547098613921,-0.7922306662032155
16711,-0.9184237917264304,-0.8571539724160411
16712,-2.0725239855902537,-2.0932532532416666
16713,-0.7612630221270775,-0.697918918280539
16714,-0.7186935003846884,-0.6351670336576216
16715,-1.477836463186476,-1.4436249349463013
16716,-0.866811849673589,-0.8287561255950174
16717,-1.1829946900522983,-1.163602769122638
16718,-1.088787078857422,-1.0241058506973
16719,-1.7669109810482373,-1.7543172540253522
16720,-1.1525444755187402,-1.161636143609939
16721,-0.6272164213564969,-0.6085451902012132
16722,-0.7013689032415065,-0.6790460711627666
16723,-0.9735131032707156,-0.9345409418484952
16724,-0.7119352226109468,-0.7380153860857057
16725,-0.4394509154696797,-0.44447614286043124
16726,-0.6014843670896781,-0.5937686511666131
16727,-1.7294686307077822,-1.6598156665753976
16728,-1.8745882624671573,-1.7578902452349956
16729,-1.0692776684407834,-1.1399042456279018
16730,-0.6215575244277716,-0.6147988921634501
16731,-1.5397675964567397,-1.4687589215241312
16732,-1.0563493203371763,-1.075935377132186
16733,-0.5826745023950934,-0.5608424546405898
16734,-0.9354281000388686,-0.9329175676592032
16735,-0.8609010267627332,-0.7820069920635039
16736,-0.886063502593474,-0.814543944113458
16737,-1.0338177976682204,-1.0349377708535175
16738,-0.5823568105697632,-0.5856666094961169
16739,-1.3659087715222853,-1.3534065710839935
16740,-0.6481545209884644,-0.6482713882232692
16741,-0.5079576516336248,-0.4959707490421728
16742,-0.978366685468097,-0.9565164860517148
16743,-1.2630300392476164,-1.2800985046201339
16744,-1.0904717035591602,-1.029558157937587
16745,-0.8355267671868205,-0.8104041036769682
16746,-1.0477799263553342,-0.9257794275034211
16747,-0.6758003391960795,-0.5675564810136423
16748,-1.1831722472395216,-1.1969575603552522
16749,-0.3968365459299799,-0.3872433097198885
16750,-0.722259184345603,-0.6655898659436177
16751,-1.3429147494855778,-1.4014343308925685
16752,-0.854654447976933,-0.8255093405358845
16753,-0.6613530872404113,-0.6256294322161635
16754,-1.0570642910897732,-1.0074894127068135
16755,-0.6455874329521543,-0.6218667040277981
16756,-1.0858622817106025,-0.9715975221356001
16757,-0.9833270958227704,-0.9334677296067748
16758,-0.9177629090845584,-0.9050059146826017
16759,-0.8062114874521892,-0.7996086632665586
16760,-1.046789283900298,-1.0813448316548397
16761,-0.9478863291442394,-0.9447225339391505
16762,-0.9956069365143776,-0.9894621114056903
16763,-0.8735371250659227,-0.8621417299658495
16764,-0.8676212274111235,-0.8143023889489751
16765,-0.4505836963653564,-0.37897452800965303
16766,-0.7265620860018471,-0.6921530112348742
16767,-0.967090459757073,-0.9237067044995775
16768,-0.7237716867018116,-0.7106917774855528
16769,-0.6778379050336143,-0.658204070768818
16770,-0.4990541963350205,-0.44179875694171766
16771,-0.5310083951136862,-0.5253635505810653
16772,-0.8286441491574658,-0.7699073451742553
16773,-0.7489787554368377,-0.7682109532247511
16774,-1.0547275743653288,-1.11072728246953
16775,-1.925976784605729,-1.6437292016037812
16776,-1.2852205025522332,-1.1954998249287914
16777,-0.8970059307794722,-0.7952923657924064
16778,-1.6696256904891045,-1.6430524916737528
16779,-0.5792787031693892,-0.5570407109083023
16780,-0.6998493689899297,-0.6597354160782688
16781,-0.6467139693193658,-0.6369972650747722
16782,-1.5253482872201491,-1.4781009558847453
16783,-0.4476392810994928,-0.41813262970180415
16784,-0.5052302153905233,-0.4845917504382245
16785,-1.1299045529476432,-1.044703865146044
16786,-2.697494154884702,-2.4693639312104114
16787,-0.8877890612930059,-0.868906299504234
16788,-0.8949243698933328,-0.8342509280524633
16789,-0.9109839069733926,-0.891446822608066
16790,-1.6134521598401277,-1.6298061282211058
16791,-1.2725257412079842,-1.1954942279033138
16792,-0.6807888358831405,-0.6482899542775542
16793,-0.3820034293677863,-0.3799588253379326
16794,-0.8931408150251522,-0.8969019345512019
16795,-0.5841612545773387,-0.577993491639189
16796,-1.064887792565102,-1.0333699754374597
16797,-0.4383022859115009,-0.4260034410041979
16798,-0.8054748857393861,-0.73630397439413
16799,-0.8277362483416417,-0.8326337964380858
